50
499000800
16046
0 80 1 80 2 75 6 77.5 7 77.5 8 78.75 3 70 4 78.75 5 75 
17 0 17 0 17 0 17 0 17 0 17 0 17 0 17 0 17 0 17 0 17 0 17 0 17 0 17 0 17 0 0 1 0 1 0 1 0 1 0 1 0 1 0 1 6 3 17 0 17 0 17 0 17 0 17 0 17 0 17 0 17 0 18 0 18 0 18 0 18 0 18 0 18 0 18 0 18 0 18 0 18 0 18 0 18 0 18 0 18 0 18 0 18 0 18 0 18 0 18 0 
17 0 17 0 17 0 17 0 17 0 17 0 9 0 10 9 0 10 9 0 10 9 0 10 9 0 10 20 0 20 0 20 0 0 1 18 0 18 0 18 0 18 0 18 0 18 0 18 0 18 0 6 3 17 0 17 0 17 0 17 0 17 0 17 0 17 0 18 0 17 0 17 0 17 0 20 0 17 0 17 0 17 0 3 0 18 0 16 0 17 0 18 0 16 0 17 0 18 0 16 0 17 0 18 0 
17 0 17 0 17 0 17 0 17 0 17 0 9 0 10 9 0 10 9 0 10 9 0 10 9 0 10 9 0 10 9 0 10 20 0 0 1 18 0 0 1 0 1 18 0 0 1 0 1 0 1 18 0 6 3 17 0 17 0 17 0 17 0 17 0 17 0 17 0 18 0 17 0 17 0 20 0 20 0 20 0 17 0 17 0 3 0 18 0 17 0 17 0 18 0 17 0 17 0 18 0 17 0 17 0 18 0 
17 0 17 0 17 0 17 0 17 0 17 0 17 0 20 0 20 0 9 0 10 9 0 10 9 0 10 9 0 10 9 0 10 0 1 18 0 0 1 0 1 18 0 11 1 0 1 0 1 18 0 6 3 17 0 17 0 17 0 17 0 17 0 17 0 17 0 18 0 17 0 17 0 20 0 20 0 20 0 20 0 17 0 3 0 18 0 3 0 3 0 18 0 3 0 3 0 18 0 3 0 3 0 18 0 
17 0 17 0 17 0 17 0 17 0 17 0 17 0 17 0 17 0 20 0 9 0 10 9 0 10 9 0 10 9 0 10 0 1 18 0 0 1 0 1 18 0 18 0 18 0 18 0 18 0 18 0 18 0 18 0 18 0 18 0 18 0 18 0 18 0 18 0 17 0 17 0 17 0 20 0 20 0 20 0 17 0 3 0 18 0 3 0 3 0 18 0 3 0 3 0 18 0 3 0 3 0 18 0 
17 0 17 0 17 0 17 0 17 0 17 0 17 0 17 0 17 0 17 0 20 0 9 0 10 9 0 10 20 0 0 1 18 0 0 1 0 1 18 0 6 1 6 1 6 1 18 0 6 3 17 0 9 0 10 17 0 17 0 17 0 17 0 17 0 18 0 17 0 17 0 17 0 17 0 20 0 17 0 17 0 3 0 18 0 3 0 3 0 18 0 3 0 20 0 18 0 3 0 3 0 18 0 
17 0 17 0 17 0 17 0 17 0 17 0 17 0 17 0 17 0 17 0 20 0 20 0 20 0 17 0 0 1 18 0 0 1 0 1 18 0 6 1 14 1 17 0 18 0 6 3 9 0 10 9 0 10 9 0 10 17 0 17 0 17 0 17 0 18 0 17 0 17 0 17 0 17 0 17 0 17 0 17 0 3 0 18 0 11 0 3 0 18 0 3 0 10 0 18 0 3 0 3 0 18 0 
17 0 17 0 17 0 17 0 17 0 17 0 17 0 17 0 17 0 20 0 20 0 20 0 17 0 17 0 12 1 18 0 0 1 0 1 18 0 10 1 17 0 17 0 18 0 6 3 9 0 10 9 0 10 17 0 17 0 17 0 17 0 17 0 18 0 17 0 17 0 17 0 17 0 17 0 17 0 17 0 17 0 18 0 18 0 18 0 18 0 18 0 18 0 18 0 18 0 18 0 18 0 
17 0 17 0 17 0 17 0 17 0 17 0 17 0 17 0 17 0 20 0 20 0 20 0 17 0 17 0 17 0 18 0 18 0 18 0 18 0 18 0 18 0 18 0 18 0 6 0 9 0 10 9 0 10 17 0 17 0 17 0 17 0 17 0 18 0 17 0 17 0 17 0 17 0 17 0 17 0 17 0 17 0 18 1 3 1 3 1 18 1 3 1 3 1 18 1 3 1 3 1 18 1 
17 0 17 0 9 0 10 9 0 10 9 0 10 17 0 17 0 17 0 17 0 17 0 17 0 17 0 17 0 17 0 17 0 9 0 10 9 0 10 9 0 10 0 1 18 0 6 0 6 0 18 0 6 0 9 0 10 9 0 10 9 0 10 17 0 17 0 17 0 17 0 18 0 17 0 17 0 17 0 17 0 17 0 17 0 17 0 17 0 18 1 3 1 3 1 18 1 3 1 3 1 18 1 3 1 3 1 18 1 
17 0 20 0 9 0 10 9 0 10 9 0 10 17 0 17 0 17 0 17 0 17 0 17 0 9 0 10 9 0 10 9 0 10 9 0 10 9 0 10 9 0 10 9 0 10 9 0 10 18 0 6 0 6 0 18 0 6 0 9 0 10 9 0 10 9 0 10 17 0 17 0 17 0 17 0 18 0 17 0 17 0 17 0 17 0 17 0 17 0 17 0 17 0 18 1 18 1 18 1 18 1 18 1 18 1 18 1 18 1 18 1 18 1 
20 0 20 0 9 0 10 9 0 10 9 0 10 17 0 17 0 17 0 17 0 17 0 17 0 9 0 10 9 0 10 9 0 10 9 0 10 9 0 10 9 0 10 9 0 10 9 0 10 18 0 18 0 18 0 18 0 6 0 9 0 10 9 0 10 9 0 10 9 0 10 17 0 17 0 17 0 18 0 17 0 17 0 17 0 17 0 17 0 17 0 17 0 17 0 17 0 17 0 17 0 17 0 17 0 17 0 17 0 17 0 17 0 17 0 
17 0 17 0 9 0 10 9 0 10 9 0 10 17 0 17 0 17 0 17 0 17 0 9 0 10 9 0 10 9 0 10 9 0 10 9 0 10 9 0 10 9 0 10 9 0 10 9 0 10 18 0 6 0 6 0 18 0 6 0 9 0 10 9 0 10 9 0 10 9 0 10 17 0 17 0 17 0 18 0 17 0 17 0 17 0 17 0 17 0 17 0 17 0 17 0 17 0 17 0 17 0 17 0 17 0 17 0 17 0 17 0 17 0 17 0 
17 0 17 0 9 0 10 9 0 10 9 0 10 9 0 10 17 0 17 0 17 0 17 0 9 0 10 9 0 10 9 0 10 9 0 10 9 0 10 9 0 10 9 0 10 9 0 10 9 0 10 18 0 6 0 10 0 18 0 6 0 6 0 9 0 10 9 0 10 17 0 17 0 17 0 17 0 18 0 17 0 17 0 17 0 9 0 10 9 0 10 9 0 10 17 0 17 0 17 0 17 0 17 0 17 0 17 0 17 0 17 0 17 0 17 0 17 0 
17 0 17 0 17 0 9 0 10 9 0 10 17 0 17 0 17 0 17 0 17 0 17 0 9 0 10 17 0 17 0 20 0 17 0 17 0 9 0 10 9 0 10 9 0 10 18 0 18 0 18 0 18 0 18 0 18 0 18 0 18 0 18 0 18 0 18 0 18 0 18 0 18 0 18 0 9 0 10 9 0 10 9 0 10 9 0 10 17 0 17 0 17 0 17 0 17 0 17 0 17 0 17 0 17 0 17 0 17 0 
17 0 17 0 17 0 17 0 17 0 17 0 17 0 17 0 17 0 17 0 0 3 18 3 0 3 20 0 20 0 20 0 17 0 17 0 9 0 10 17 0 6 3 6 0 18 0 11 0 6 0 18 0 6 0 6 0 6 3 17 0 17 0 18 0 10 0 0 0 18 0 9 0 10 9 0 10 9 0 10 9 0 10 9 0 10 9 0 10 17 0 17 0 17 0 17 0 17 0 17 0 17 0 17 0 17 0 
17 0 17 0 17 0 17 0 17 0 17 0 17 0 17 0 17 0 17 0 0 3 18 3 0 3 20 0 20 0 20 0 20 0 17 0 17 0 20 0 17 0 6 0 18 0 6 0 6 0 18 0 6 0 17 0 17 0 17 0 17 0 18 0 0 0 0 0 18 0 17 0 9 0 10 9 0 10 9 0 10 9 0 10 9 0 10 9 0 10 9 0 10 9 0 10 9 0 10 17 0 17 0 17 0 17 0 17 0 
17 0 17 0 17 0 17 0 17 0 17 0 17 0 17 0 17 0 17 0 0 3 18 3 0 3 20 0 20 0 20 0 20 0 20 0 20 0 20 0 20 0 6 0 18 0 18 0 18 0 18 0 9 0 10 9 0 10 9 0 10 17 0 0 0 18 0 0 0 0 0 18 0 0 0 17 0 9 0 10 9 0 10 9 0 10 9 0 10 9 0 10 9 0 10 9 0 10 9 0 10 9 0 10 17 0 17 0 17 0 17 0 
17 0 17 0 17 0 17 0 17 0 17 0 17 0 17 0 17 0 17 0 0 3 18 3 0 3 20 0 20 0 20 0 20 0 20 0 20 0 20 0 17 0 6 0 18 0 6 0 6 0 9 0 10 9 0 10 9 0 10 9 0 10 9 0 10 0 0 18 0 0 0 0 0 18 0 0 0 17 0 9 0 10 9 0 10 9 0 10 9 0 10 9 0 10 9 0 10 9 0 10 9 0 10 9 0 10 17 0 17 0 17 0 17 0 
17 0 17 0 17 0 17 0 17 0 17 0 17 0 17 0 17 0 17 0 0 3 18 3 0 3 10 3 20 0 20 0 20 0 20 0 20 0 20 0 6 1 6 0 18 0 6 0 6 0 9 0 10 9 0 10 9 0 10 9 0 10 9 0 10 0 0 18 0 0 0 0 0 18 0 0 0 17 0 9 0 10 9 0 10 9 0 10 9 0 10 9 0 10 9 0 10 9 0 10 9 0 10 9 0 10 17 0 17 0 17 0 17 0 
17 0 17 0 9 0 10 9 0 10 17 0 17 0 17 0 17 0 17 0 17 0 0 3 18 3 18 3 18 3 18 3 18 0 17 0 20 0 20 0 18 0 18 0 18 0 18 0 18 0 18 0 18 0 9 0 10 9 0 10 9 0 10 17 0 0 0 18 0 0 0 0 0 18 0 0 0 17 0 17 0 9 0 10 9 0 10 9 0 10 9 0 10 9 0 10 9 0 10 9 0 10 17 0 17 0 17 0 17 0 17 0 
17 0 9 0 10 9 0 10 9 0 10 9 0 10 17 0 17 0 17 0 17 0 17 0 17 0 0 3 0 3 0 3 11 3 18 0 6 3 6 1 18 0 18 0 6 0 6 0 18 0 6 0 6 0 18 0 18 0 6 1 17 0 17 0 0 0 18 0 0 0 0 0 18 0 0 0 17 0 17 0 9 0 10 9 0 10 9 0 10 9 0 10 17 0 17 0 17 0 17 0 17 0 17 0 17 0 17 0 
17 0 9 0 10 9 0 10 9 0 10 9 0 10 9 0 10 17 0 17 0 17 0 17 0 17 0 17 0 17 0 17 3 12 3 18 0 6 3 6 1 18 0 6 0 13 0 17 0 18 0 6 0 17 0 6 0 18 0 6 1 17 0 17 0 0 0 18 0 0 0 0 0 18 0 0 0 17 0 9 0 10 9 0 10 9 0 10 9 0 10 17 0 20 0 20 0 17 0 17 0 17 0 17 0 17 0 17 0 
17 0 17 0 9 0 10 9 0 10 9 0 10 9 0 10 9 0 10 17 0 17 0 17 0 17 0 20 0 20 0 17 0 17 0 18 0 6 3 6 1 18 0 6 0 17 0 17 0 18 0 11 0 8 0 7 0 18 0 6 1 17 0 17 0 11 0 18 0 0 0 0 0 18 0 12 0 17 0 9 0 10 10 0 18 0 2 0 20 0 20 0 20 0 20 0 17 0 17 0 17 0 17 0 17 0 
17 0 17 0 17 0 9 0 10 9 0 10 9 0 10 17 0 17 0 17 0 17 0 17 0 20 0 20 0 18 0 18 0 18 0 18 0 18 0 18 0 18 0 18 0 18 0 18 0 18 0 18 0 18 0 18 0 18 0 18 0 18 0 18 0 18 0 18 0 18 0 18 0 18 0 18 0 18 0 18 0 18 0 2 0 20 0 20 0 20 0 20 0 17 0 17 0 17 0 17 0 17 0 
17 0 17 0 17 0 17 0 17 0 17 0 17 0 17 0 17 0 17 0 20 0 20 0 17 0 17 0 6 3 18 0 6 3 6 1 18 0 10 0 7 0 8 0 18 0 8 0 8 0 7 0 18 0 6 1 17 0 17 0 17 0 13 0 17 0 9 0 10 9 0 10 0 0 0 0 20 0 20 0 18 0 2 0 20 0 20 0 20 0 17 0 17 0 17 0 17 0 17 0 17 0 
17 0 17 0 17 0 17 0 17 0 17 0 17 0 17 0 17 0 20 0 20 0 17 0 17 0 17 0 6 3 18 0 6 3 6 1 18 0 6 0 17 0 7 0 18 0 14 0 17 0 7 0 18 0 6 1 17 0 17 0 17 0 17 0 17 0 9 0 10 9 0 10 17 0 17 0 20 0 17 0 18 0 2 0 20 0 20 0 20 0 17 0 17 0 17 0 17 0 17 0 17 0 
17 0 17 0 17 0 17 0 17 0 17 0 17 0 17 0 17 0 20 0 20 0 17 0 17 0 17 0 6 3 18 0 6 3 6 1 18 0 18 0 6 0 6 0 18 0 17 0 17 0 18 0 18 0 6 1 17 0 17 0 17 0 17 0 17 0 17 0 17 0 17 0 17 0 17 0 17 0 18 0 2 0 9 0 10 9 0 10 20 0 17 0 17 0 17 0 17 0 17 0 17 0 
17 0 17 0 17 0 17 0 17 0 17 0 17 0 17 0 17 0 20 0 20 0 17 0 17 0 17 0 6 3 18 0 6 3 17 0 6 1 18 0 18 0 18 0 18 0 18 0 18 0 18 0 6 1 17 0 9 0 10 9 0 10 9 0 10 9 0 10 9 0 10 17 0 17 0 17 0 17 0 17 0 17 0 17 0 9 0 10 9 0 10 9 0 10 9 0 10 9 0 10 17 0 17 0 17 0 17 0 17 0 
17 0 17 0 17 0 17 0 17 0 17 0 17 0 17 0 20 0 20 0 20 0 20 0 17 0 17 0 6 3 18 0 6 3 17 0 17 0 6 1 6 1 6 1 18 0 9 0 10 9 0 10 17 0 17 0 9 0 10 9 0 10 2 0 2 0 2 0 9 0 10 9 0 10 9 0 10 17 0 17 0 17 0 17 0 17 0 9 0 10 9 0 10 9 0 10 9 0 10 9 0 10 9 0 10 17 0 17 0 17 0 17 0 
17 0 17 0 17 0 17 0 17 0 17 0 9 0 10 9 0 10 9 0 10 20 0 20 0 20 0 17 0 17 0 17 0 18 0 9 0 10 9 0 10 9 0 10 17 0 17 0 18 0 18 0 9 0 10 9 0 10 9 0 10 17 0 9 0 10 1 0 18 0 18 0 18 0 18 0 2 0 9 0 10 17 0 17 0 17 0 17 0 17 0 20 0 9 0 10 9 0 10 9 0 10 9 0 10 9 0 10 17 0 17 0 17 0 17 0 
17 0 17 0 17 0 17 0 17 0 17 0 9 0 10 9 0 10 9 0 10 20 0 20 0 17 0 17 0 17 0 17 0 17 0 9 0 10 9 0 10 9 0 10 17 0 17 0 18 0 9 0 10 9 0 10 9 0 10 9 0 10 17 0 9 0 10 1 0 18 0 20 0 20 0 18 0 2 0 9 0 10 17 0 17 0 17 0 17 0 17 0 20 0 20 0 9 0 10 9 0 10 9 0 10 17 0 17 0 17 0 17 0 17 0 
17 0 17 0 17 0 17 0 17 0 17 0 9 0 10 9 0 10 17 0 17 0 17 0 17 0 17 0 17 0 17 0 17 0 9 0 10 9 0 10 9 0 10 9 0 10 17 0 18 0 9 0 10 9 0 10 9 0 10 9 0 10 9 0 10 9 0 10 1 0 18 0 17 0 20 0 18 0 2 0 9 0 10 17 0 17 0 17 0 17 0 17 0 17 0 20 0 20 0 9 0 10 17 0 17 0 17 0 17 0 17 0 17 0 
17 0 17 0 17 0 17 0 17 0 17 0 17 0 17 0 17 0 17 0 17 0 17 0 17 0 17 0 17 0 17 0 17 0 9 0 10 9 0 10 9 0 10 17 0 18 0 17 0 9 0 10 9 0 10 9 0 10 9 0 10 9 0 10 9 0 10 18 0 18 0 18 0 18 0 2 0 9 0 10 17 0 17 0 17 0 17 0 17 0 17 0 17 0 20 0 17 0 17 0 17 0 17 0 17 0 17 0 17 0 
17 0 17 0 17 0 20 0 20 0 20 0 20 0 17 0 17 0 20 0 20 0 17 0 17 0 17 0 17 0 17 0 20 0 9 0 10 9 0 10 9 0 10 9 0 10 18 0 12 0 17 0 17 0 17 0 17 0 17 0 17 0 18 0 1 0 1 0 1 0 9 0 10 9 0 10 17 0 17 0 17 0 17 0 17 0 17 0 17 0 20 0 20 0 17 0 17 0 17 0 17 0 17 0 17 0 
17 0 17 0 20 0 20 0 20 0 20 0 20 0 20 0 20 0 20 0 20 0 20 0 17 0 17 0 17 0 20 0 20 0 17 0 9 0 10 9 0 10 9 0 10 18 0 18 0 18 0 18 0 18 0 18 0 18 0 18 0 18 0 17 0 17 0 17 0 17 0 17 0 17 0 17 0 17 0 17 0 17 0 17 0 17 0 20 0 20 0 17 0 17 0 17 0 17 0 17 0 17 0 
17 0 17 0 17 0 20 0 17 0 17 0 20 0 20 0 20 0 20 0 20 0 20 0 17 0 17 0 17 0 17 0 17 0 17 0 9 0 10 9 0 10 9 0 10 9 0 10 10 0 11 0 18 0 0 0 0 0 18 0 0 0 17 0 17 0 17 0 17 0 17 0 17 0 17 0 17 0 17 0 17 0 17 0 17 0 17 0 17 0 17 0 17 0 17 0 17 0 17 0 17 0 17 0 
17 0 17 0 17 0 17 0 17 0 17 0 17 0 20 0 20 0 20 0 20 0 20 0 17 0 17 0 17 0 17 0 17 0 17 0 17 0 9 0 10 9 0 10 9 0 10 9 0 10 0 0 18 0 0 0 0 0 18 0 0 0 17 0 17 0 17 0 17 0 17 0 17 0 17 0 17 0 17 0 17 0 17 0 17 0 17 0 17 0 17 0 17 0 17 0 17 0 17 0 17 0 17 0 
17 0 17 0 17 0 17 0 17 0 17 0 17 0 17 0 17 0 20 0 20 0 17 0 17 0 17 0 17 0 17 0 17 0 17 0 17 0 9 0 10 9 0 10 9 0 10 9 0 10 0 0 18 0 0 0 0 0 18 0 0 0 17 0 17 0 17 0 17 0 17 0 17 0 17 0 17 0 17 0 17 0 17 0 17 0 17 0 17 0 17 0 17 0 17 0 17 0 17 0 17 0 17 0 
17 0 17 0 17 0 17 0 17 0 17 0 17 0 17 0 17 0 17 0 17 0 17 0 17 0 17 0 17 0 17 0 17 0 17 0 17 0 17 0 9 0 10 9 0 10 17 0 0 0 18 0 0 0 0 0 18 0 0 0 17 0 17 0 17 0 17 0 17 0 17 0 17 0 17 0 17 0 17 0 17 0 17 0 20 0 20 0 17 0 17 0 17 0 17 0 17 0 17 0 17 0 
17 0 17 0 17 0 17 0 17 0 17 0 17 0 17 0 17 0 17 0 17 0 17 0 17 0 17 0 17 0 17 0 17 0 17 0 17 0 17 0 17 0 17 0 17 0 0 0 18 0 0 0 0 0 18 0 0 0 17 0 9 0 10 9 0 10 9 0 10 17 0 17 0 17 0 17 0 17 0 17 0 17 0 20 0 20 0 20 0 20 0 17 0 17 0 17 0 17 0 17 0 17 0 
17 0 17 0 18 0 18 0 18 0 18 0 18 0 18 0 18 0 18 0 18 0 18 0 18 0 18 0 18 0 18 0 18 0 18 0 18 0 18 0 18 0 18 0 18 0 18 0 18 0 18 0 18 0 18 0 18 0 9 0 10 9 0 10 9 0 10 9 0 10 9 0 10 17 0 17 0 17 0 17 0 17 0 17 0 20 0 20 0 20 0 20 0 17 0 17 0 17 0 17 0 17 0 17 0 
17 0 17 0 18 0 3 0 3 0 18 0 3 0 3 0 18 0 3 0 3 0 18 0 11 0 11 0 18 0 10 0 10 0 18 0 17 0 17 0 17 0 17 0 17 0 17 0 17 0 17 0 17 0 9 1 10 18 0 12 1 9 0 10 9 0 10 9 0 10 9 0 10 9 0 10 17 0 17 0 17 0 17 0 20 0 20 0 20 0 20 0 17 0 17 0 17 0 17 0 17 0 17 0 17 0 
17 0 17 0 18 0 3 0 3 0 18 0 10 0 3 0 18 0 3 0 3 0 18 0 3 0 3 0 18 0 5 0 5 0 18 0 17 0 17 0 17 0 17 0 17 0 17 0 17 0 17 0 17 0 9 1 10 18 0 17 0 17 0 17 0 9 0 10 9 0 10 9 0 10 17 0 20 0 20 0 20 0 20 0 20 0 17 0 17 0 17 0 17 0 17 0 17 0 17 0 17 0 17 0 
17 0 17 0 18 0 18 0 18 0 18 0 18 0 18 0 18 0 18 0 18 0 18 0 18 0 18 0 18 0 18 0 18 0 18 0 17 0 17 0 20 0 17 0 17 0 17 0 17 0 17 0 17 0 9 1 10 18 0 1 1 1 1 1 0 1 0 9 0 10 17 0 20 0 20 0 20 0 20 0 20 0 20 0 17 0 17 0 17 0 17 0 17 0 17 0 17 0 17 0 17 0 
17 0 17 0 18 0 3 0 11 0 18 0 3 0 3 0 18 0 20 0 20 0 18 0 4 0 4 0 18 0 4 0 4 0 18 0 3 0 17 0 20 0 20 0 17 0 17 0 17 0 17 0 17 0 9 1 10 18 0 18 0 18 0 18 0 18 0 18 0 2 0 20 0 20 0 20 0 20 0 20 0 20 0 17 0 17 0 17 0 17 0 17 0 17 0 17 0 17 0 17 0 
17 0 17 0 18 0 3 0 3 0 18 0 3 0 3 0 18 0 20 0 20 0 18 0 3 0 3 0 18 0 4 0 4 0 18 0 3 0 17 0 17 0 17 0 17 0 17 0 17 0 17 0 17 0 9 1 10 9 1 10 9 1 10 9 1 10 9 1 10 9 1 10 18 0 2 0 20 0 20 0 20 0 20 0 20 0 20 0 20 0 17 0 17 0 17 0 17 0 17 0 17 0 17 0 17 0 
17 0 17 0 18 0 18 0 18 0 18 0 18 0 18 0 18 0 20 0 20 0 18 0 18 0 18 0 18 0 18 0 18 0 18 0 3 0 17 0 17 0 17 0 17 0 17 0 17 0 17 0 17 0 17 0 17 0 17 0 17 0 17 0 9 1 10 18 0 2 0 17 0 20 0 20 0 20 0 20 0 20 0 20 0 17 0 17 0 17 0 17 0 17 0 17 0 17 0 17 0 
17 0 17 0 18 0 16 0 17 0 18 0 16 0 17 0 18 0 16 0 17 0 18 0 16 0 17 0 18 0 16 0 17 0 18 0 3 0 17 0 17 0 17 0 17 0 17 0 17 0 17 0 17 0 17 0 17 0 17 0 17 0 17 0 9 1 10 18 0 2 0 17 0 17 0 20 0 20 0 20 0 20 0 17 0 17 0 17 0 17 0 17 0 17 0 17 0 17 0 17 0 
17 0 17 0 18 0 17 0 17 0 18 0 17 0 17 0 18 0 17 0 17 0 18 0 17 0 17 0 18 0 17 0 17 0 18 0 3 0 17 0 17 0 17 0 17 0 17 0 17 0 17 0 17 0 17 0 17 0 17 0 17 0 17 0 9 1 10 18 0 2 0 17 0 17 0 17 0 17 0 17 0 17 0 17 0 17 0 17 0 17 0 17 0 17 0 17 0 17 0 17 0 
699
30 28 25 24 47 1 30 242420
6 17 5 42 43 0 0 0
9 18 13 20 50 0 54 190350
17 32 15 24 41 1 0 0
23 32 18 23 43 0 0 0
19 30 22 25 39 0 0 0
16 33 16 26 29 0 0 0
30 33 25 23 62 0 178 1.26158e+06
21 33 17 21 55 1 126 523462
29 30 43 16 34 0 0 0
3 21 8 44 40 0 0 0
19 30 21 24 41 0 0 0
15 10 25 14 43 0 0 0
46 34 45 15 31 0 0 0
36 25 43 12 42 1 0 0
47 34 26 27 32 0 0 0
0 21 6 44 39 0 0 0
26 40 4 44 60 0 121 476438
18 10 26 16 34 0 0 0
25 40 43 3 45 0 6 23625
37 28 25 24 40 0 0 0
17 35 16 24 52 0 90 317250
19 10 15 20 55 0 17 59925
31 28 43 15 36 0 0 0
24 40 9 44 69 0 128 748800
45 34 45 12 54 2 114 965081
33 33 25 25 52 0 6 35100
40 26 43 16 44 0 0 0
38 26 46 18 34 2 0 0
30 28 25 24 62 0 179 1.15715e+06
0 21 6 44 32 0 0 0
17 35 15 24 65 0 177 750825
19 35 19 24 70 0 92 324300
29 31 43 15 45 0 6 36450
18 33 12 21 40 0 0 0
26 40 4 44 33 0 0 0
20 30 23 24 36 0 0 0
17 33 9 23 64 1 159 682088
29 29 25 23 33 0 0 0
36 28 25 20 57 1 150 822656
20 30 21 24 68 0 140 829500
32 33 48 18 41 0 0 0
0 19 5 44 61 0 97 269175
17 35 16 24 58 0 162 571050
31 28 43 15 35 0 0 0
24 40 23 25 38 0 0 0
37 28 25 24 73 0 65 229125
49 34 45 16 43 0 0 0
29 31 46 18 37 1 0 0
24 40 25 25 36 1 0 0
29 31 43 15 49 1 54 410062
15 12 22 16 32 0 0 0
20 30 21 24 33 0 0 0
24 40 25 25 41 0 0 0
44 29 45 6 49 0 54 178984
34 30 46 15 47 0 30 133692
34 30 25 24 68 0 131 924426
24 40 9 44 65 0 177 1.03545e+06
21 12 6 23 47 0 15 52875
24 40 25 25 41 0 0 0
18 33 12 21 51 0 78 274950
46 34 43 13 51 0 18 70875
24 40 25 25 51 0 78 456300
20 35 12 20 62 1 158 625688
29 31 43 15 60 0 181 1.09958e+06
24 40 25 25 38 0 0 0
24 40 25 25 34 0 0 0
39 25 42 7 42 1 0 0
23 40 16 26 50 0 66 309375
6 14 6 19 44 1 0 0
30 33 23 24 47 1 30 265781
48 34 43 15 28 0 0 0
16 12 27 16 59 0 35 123375
44 29 45 12 66 0 145 480606
15 33 13 24 66 0 117 324675
24 40 26 25 56 0 138 807300
37 26 22 19 48 0 42 148050
24 40 26 25 50 0 66 386100
29 31 25 24 35 0 0 0
40 23 43 16 53 0 102 501075
32 28 27 21 52 0 90 365807
23 40 43 4 36 0 0 0
4 14 5 21 27 0 0 0
24 40 26 25 58 2 162 1.55025e+06
31 28 43 15 54 1 114 760556
49 34 46 13 64 0 102 401625
24 40 26 25 34 1 0 0
34 32 22 23 35 2 0 0
27 40 5 39 45 0 6 23625
49 34 29 21 51 0 78 365625
24 40 26 25 55 1 126 921375
0 20 3 45 55 0 96 266400
20 30 23 24 50 1 66 488812
27 40 5 39 34 0 0 0
3 16 1 39 51 0 78 216450
44 31 45 13 41 1 0 0
29 30 25 24 71 0 103 625725
29 30 43 16 44 0 0 0
34 32 22 23 61 0 172 699097
40 23 45 18 43 0 0 0
29 31 25 24 34 0 0 0
25 35 43 12 37 1 0 0
40 23 45 18 39 1 0 0
40 23 43 16 42 0 0 0
32 33 26 21 37 0 0 0
22 30 19 21 60 0 162 571050
29 31 43 15 42 0 0 0
31 28 43 16 41 0 0 0
31 28 43 15 62 1 181 1.09313e+06
31 28 25 23 70 0 115 626982
21 33 17 21 42 0 0 0
31 28 43 15 63 2 181 1.51021e+06
5 14 3 39 29 0 0 0
29 31 43 15 45 0 6 36450
0 17 5 20 58 0 42 148050
25 40 46 4 64 0 133 523688
29 31 43 15 63 1 181 1.27271e+06
31 33 23 24 61 0 177 1.25449e+06
40 26 43 7 33 0 0 0
29 31 43 15 41 0 0 0
49 34 29 20 59 0 88 412500
19 35 13 20 34 0 0 0
29 31 25 24 36 0 0 0
25 40 46 4 36 0 0 0
29 31 43 15 52 0 90 546750
29 31 25 23 71 0 102 722925
38 26 46 18 37 1 0 0
20 10 45 3 26 0 0 0
38 26 25 23 65 0 174 482850
38 26 47 18 47 1 30 104062
19 33 10 23 59 0 160 564000
29 29 45 16 62 0 178 904129
33 33 27 20 56 2 138 970312
44 30 46 6 56 0 138 457404
30 28 25 24 56 2 138 1.17008e+06
17 32 8 45 51 0 30 83250
30 28 25 24 43 0 0 0
30 28 25 24 43 0 0 0
18 33 12 21 35 0 0 0
6 17 5 42 40 0 0 0
21 13 15 28 30 0 0 0
30 28 45 16 60 2 179 1.27007e+06
29 29 25 24 43 0 0 0
39 25 43 9 62 0 165 457875
29 29 25 23 38 0 0 0
29 29 45 16 34 1 0 0
33 33 45 15 42 1 0 0
29 29 45 16 41 1 0 0
15 33 43 4 45 1 6 20812.5
26 40 23 24 66 0 103 405563
29 29 25 23 65 0 173 1.22614e+06
29 29 25 23 40 1 0 0
19 32 15 24 50 0 66 232650
29 29 25 23 37 1 0 0
17 30 13 23 34 0 0 0
17 33 9 23 41 0 0 0
29 29 45 16 43 0 0 0
29 29 23 24 68 0 137 695874
29 29 25 23 50 1 66 542194
29 29 25 23 43 0 0 0
30 33 25 23 38 0 0 0
29 29 45 16 36 1 0 0
39 26 21 20 58 0 162 571050
30 33 21 24 65 0 172 1.34663e+06
30 33 47 18 63 1 178 860344
26 40 4 44 60 0 121 476438
30 33 25 21 70 0 112 793800
30 33 25 23 55 1 126 946181
30 33 25 23 52 0 90 637875
30 33 25 21 69 0 124 535500
30 33 47 18 41 0 0 0
30 33 25 23 45 0 6 42525
30 33 25 23 42 2 0 0
30 33 46 16 55 0 126 640001
30 33 46 16 61 0 178 904129
39 25 46 3 54 0 30 83250
30 33 23 24 57 0 150 1.06313e+06
15 10 25 14 62 0 29 102225
31 33 46 16 45 0 6 30476.2
31 33 23 24 60 0 177 1.25449e+06
5 17 4 42 54 0 99 274725
31 33 21 23 68 0 135 956813
31 33 46 16 38 0 0 0
16 10 25 14 28 0 0 0
31 33 23 24 39 0 0 0
44 29 45 6 39 0 0 0
19 32 18 23 33 0 0 0
31 33 46 16 50 0 66 335239
31 33 21 23 70 0 111 563811
34 30 46 15 32 0 0 0
27 40 6 39 36 0 0 0
31 33 25 20 72 0 87 616613
31 33 23 24 43 0 0 0
49 34 43 10 66 0 69 323438
31 33 23 24 38 0 0 0
0 20 3 45 32 0 0 0
21 12 6 23 27 0 0 0
31 33 46 16 54 0 114 579049
18 32 12 23 53 0 102 359550
37 26 27 20 60 0 6 21150
31 33 48 18 52 1 90 442969
19 33 10 23 46 0 18 63450
23 40 15 26 62 1 134 691406
31 33 23 24 56 0 138 978075
32 28 26 19 65 0 170 690968
26 40 5 48 32 0 0 0
2 21 5 44 53 0 96 266400
32 28 27 21 50 0 66 268258
44 30 42 6 64 1 163 674504
44 29 46 7 57 1 150 601586
32 28 45 15 53 0 102 454553
17 30 16 23 68 0 120 423000
44 31 45 13 37 0 0 0
36 28 25 20 62 0 170 796875
3 14 2 39 42 0 0 0
2 19 3 44 37 0 0 0
32 28 27 21 51 0 78 317033
25 40 43 3 36 0 0 0
47 34 28 18 55 0 87 407812
32 28 45 15 38 0 0 0
22 30 18 21 35 0 0 0
32 28 45 15 56 0 138 614983
34 31 25 21 36 0 0 0
32 28 26 21 41 0 0 0
19 12 23 16 60 0 35 123375
32 33 23 24 50 0 66 467775
32 33 48 18 35 0 0 0
32 33 48 18 38 1 0 0
32 33 26 21 60 0 175 1.02375e+06
36 26 43 12 32 0 0 0
32 33 26 21 41 0 0 0
6 14 3 39 42 0 0 0
32 33 26 21 64 0 175 1.02375e+06
39 23 43 9 47 0 30 83250
0 19 19 20 35 0 0 0
40 25 27 17 56 0 86 303150
23 40 10 20 56 1 138 794531
32 33 45 15 44 1 0 0
32 33 26 21 59 2 174 1.60875e+06
3 16 1 39 62 0 102 283050
0 20 3 45 27 1 0 0
23 33 19 23 66 0 142 500550
32 33 26 21 41 0 0 0
44 32 23 27 34 0 0 0
32 33 26 19 69 0 121 614604
32 33 26 21 34 1 0 0
32 33 25 21 48 1 42 372094
32 33 25 21 62 0 174 1.23323e+06
44 30 42 6 58 0 162 536953
2 17 21 16 63 0 40 141000
33 33 21 21 70 0 108 618750
33 33 45 15 49 0 54 274286
21 12 7 23 22 0 0 0
33 33 49 18 63 1 174 726469
46 34 28 16 59 0 32 150000
33 33 27 20 59 0 174 815625
19 35 13 20 44 0 0 0
25 40 43 3 51 0 78 307125
33 33 25 21 57 1 150 1.13754e+06
44 32 43 10 67 0 55 235742
33 33 49 18 40 1 0 0
21 35 13 24 47 0 30 105750
33 33 49 18 42 1 0 0
33 33 25 21 59 0 173 1.22614e+06
27 40 4 39 58 0 120 472500
33 33 25 21 58 0 162 1.14818e+06
46 34 43 15 31 0 0 0
2 16 19 20 39 0 0 0
49 34 29 20 51 0 78 365625
45 34 46 12 44 1 0 0
33 33 21 21 69 0 119 468563
44 31 45 13 44 0 0 0
33 33 46 15 45 0 6 30476.2
27 40 4 39 29 0 0 0
45 34 27 17 68 0 126 640001
33 33 25 21 42 0 0 0
33 33 21 21 67 0 143 1.01351e+06
44 29 45 6 36 0 0 0
34 30 25 21 57 0 150 969677
34 30 25 21 52 1 90 727258
34 30 25 21 50 0 66 426659
34 30 25 21 47 0 30 193936
34 30 46 15 46 1 18 100269
34 31 25 21 45 0 6 38787.1
25 36 42 4 49 0 54 149850
34 31 23 19 74 0 59 262927
22 32 19 21 39 1 0 0
34 31 46 15 32 1 0 0
40 25 27 17 38 0 0 0
34 31 25 21 34 0 0 0
18 12 26 14 23 0 0 0
34 31 25 21 36 0 0 0
34 31 46 15 39 1 0 0
34 31 46 15 54 0 114 508030
34 32 22 23 47 0 30 121936
34 32 22 23 44 0 0 0
18 35 8 23 42 0 0 0
34 32 43 13 46 0 18 59661.4
25 40 46 4 60 0 133 523688
5 17 5 42 64 0 99 274725
45 34 45 12 62 0 168 853335
2 19 3 44 55 0 98 271950
34 32 25 20 38 1 0 0
25 40 15 26 44 0 0 0
34 32 25 20 52 1 90 588040
23 40 15 26 50 0 66 309375
38 28 23 19 71 0 88 310200
3 20 8 44 36 0 0 0
36 25 43 13 36 1 0 0
36 25 22 19 69 0 117 412425
18 12 26 14 34 0 0 0
36 25 43 13 62 0 171 474525
23 32 18 23 35 0 0 0
36 26 26 19 39 0 0 0
36 26 26 19 36 0 0 0
25 35 21 23 55 0 126 444150
25 35 21 23 46 0 18 63450
27 40 6 39 41 0 0 0
25 35 16 23 65 0 164 455100
0 18 5 19 48 0 42 148050
44 31 45 13 38 0 0 0
2 16 3 41 38 0 0 0
0 16 5 19 58 0 92 324300
44 31 45 13 56 0 138 614983
44 29 46 7 38 0 0 0
44 31 45 13 39 0 0 0
22 33 10 21 61 0 157 553425
16 10 28 14 42 0 0 0
44 31 45 13 45 0 6 26738.4
2 14 21 17 44 0 0 0
44 31 45 13 61 0 170 757587
17 33 9 23 47 0 30 105750
36 28 25 20 49 0 54 253125
36 28 22 19 66 0 152 712500
23 33 11 23 56 0 138 486450
37 23 25 20 33 0 0 0
37 23 25 20 59 1 169 841406
16 32 16 26 62 0 135 475875
0 18 5 20 51 0 78 274950
37 23 46 13 53 0 102 283050
1 14 23 17 34 0 0 0
45 34 46 13 46 0 18 70875
45 34 46 13 55 0 126 496125
22 35 19 21 68 0 114 316350
44 30 46 6 35 0 0 0
47 34 23 27 46 0 18 84375
45 34 45 12 54 0 114 579049
26 40 3 47 49 1 54 230344
29 31 26 25 49 0 18 105300
45 34 45 12 39 0 0 0
45 34 45 12 39 1 0 0
45 34 45 12 33 0 0 0
21 30 19 20 70 0 94 394800
45 34 45 12 47 1 30 175238
15 33 18 24 43 1 0 0
49 34 29 20 57 0 88 412500
22 32 16 23 55 0 126 444150
45 34 46 12 49 0 54 212625
45 34 46 12 36 1 0 0
38 25 46 18 52 0 6 16650
38 28 21 20 37 0 0 0
45 34 46 12 60 0 168 661500
45 34 43 10 52 0 90 354375
18 35 8 23 53 0 102 359550
37 25 42 9 65 0 162 571050
37 25 23 19 56 0 138 486450
7 17 10 20 65 0 95 263625
46 34 29 16 29 0 0 0
37 25 23 19 38 0 0 0
18 33 12 21 52 0 90 317250
19 30 15 27 42 0 0 0
20 35 12 20 42 0 0 0
37 28 21 21 60 0 167 588675
23 40 42 3 53 0 102 401625
37 28 21 17 71 0 89 313725
30 28 26 25 49 0 54 282259
38 23 42 10 36 1 0 0
19 33 10 23 45 1 6 26437.5
38 23 42 10 34 0 0 0
21 11 15 28 28 0 0 0
38 23 42 10 52 1 90 312188
38 23 42 10 55 0 126 349650
17 30 13 23 64 0 162 571050
38 25 43 10 32 0 0 0
38 25 42 9 59 0 166 460650
3 17 3 42 49 0 54 149850
0 15 22 17 26 0 0 0
38 25 42 9 43 0 0 0
7 17 6 42 63 1 100 339938
38 28 22 19 45 0 6 21150
38 28 21 20 44 2 0 0
7 17 6 42 47 0 30 83250
39 23 42 9 57 0 150 416250
39 23 42 7 65 0 160 468975
21 30 16 21 68 0 118 415950
23 40 43 4 58 1 156 761906
39 23 43 9 53 0 102 283050
39 25 43 9 54 1 114 395438
39 26 21 20 61 1 165 618638
40 28 43 7 71 0 86 246975
47 34 28 26 52 0 86 403125
39 26 42 7 48 1 42 145688
19 33 10 23 43 0 0 0
39 26 42 7 59 0 165 457875
39 28 43 7 68 0 123 433575
0 21 3 45 40 0 0 0
39 28 19 23 43 0 0 0
39 28 19 23 61 0 165 581625
2 19 3 44 27 0 0 0
39 28 19 23 40 0 0 0
40 26 43 7 52 0 90 249750
40 28 45 7 33 0 0 0
40 28 45 7 35 0 0 0
40 28 45 7 32 0 0 0
25 40 18 24 33 0 0 0
0 19 19 20 50 1 66 237938
19 32 15 24 38 0 0 0
23 40 42 4 42 0 0 0
49 34 45 7 70 0 60 304762
47 34 28 26 56 0 86 403125
19 32 18 23 37 0 0 0
44 29 46 7 32 0 0 0
27 40 4 39 64 0 120 472500
44 29 46 7 54 0 114 377856
44 30 42 6 46 0 18 59661.4
48 34 45 6 65 0 79 370312
44 30 42 6 60 0 163 540267
44 30 46 6 37 0 0 0
23 40 9 44 71 0 78 365625
44 30 46 6 33 0 0 0
17 32 13 24 31 0 0 0
23 32 15 21 72 0 72 306675
22 32 16 23 31 0 0 0
22 32 15 21 70 0 96 338400
26 40 4 41 42 0 0 0
15 12 22 16 34 0 0 0
21 35 13 24 39 0 0 0
17 30 15 21 70 0 96 338400
22 30 19 21 42 2 0 0
22 30 18 21 55 0 126 444150
18 30 18 21 51 0 78 274950
5 14 9 21 66 0 84 233100
25 40 18 24 60 1 133 714844
18 30 18 21 55 0 126 444150
18 30 17 21 52 0 90 317250
18 30 17 21 37 0 0 0
3 14 1 39 28 0 0 0
26 40 5 47 28 0 0 0
18 32 12 23 38 1 0 0
25 40 19 24 39 0 0 0
4 17 5 41 54 0 101 280275
18 32 12 23 55 0 126 444150
18 32 12 23 31 0 0 0
20 32 16 21 53 0 102 359550
48 34 25 27 64 0 85 398438
20 32 11 23 67 0 131 461775
15 33 43 4 45 0 6 16650
7 16 9 41 62 0 76 210900
20 32 16 21 36 0 0 0
3 20 9 42 64 0 76 210900
20 32 16 21 54 1 114 470588
22 33 10 21 35 0 0 0
21 30 11 23 69 0 106 373650
37 25 29 14 59 1 30 111038
49 34 29 19 64 0 87 407812
21 30 15 21 43 1 0 0
7 16 9 41 60 0 76 210900
23 33 11 23 51 0 78 274950
17 33 9 23 58 0 159 560475
18 35 8 23 36 1 0 0
26 40 9 45 68 0 78 307125
18 35 8 23 40 0 0 0
23 40 9 20 49 0 54 253125
21 11 15 28 50 0 17 59925
19 35 13 20 42 0 0 0
25 40 9 45 68 0 92 501562
27 40 6 39 53 0 102 401625
20 35 12 20 37 0 0 0
20 35 12 20 62 1 157 622162
22 33 10 21 48 1 42 185062
22 33 10 21 46 0 18 63450
22 35 9 21 51 0 78 274950
16 33 15 27 44 1 0 0
25 40 46 4 46 0 18 70875
0 16 5 19 55 0 92 324300
22 35 9 45 67 0 126 444150
22 35 9 21 57 0 150 528750
23 40 10 20 56 0 138 646875
17 10 23 16 53 0 36 126900
25 36 9 21 53 0 102 359550
19 12 23 16 55 0 35 123375
25 36 10 20 44 0 0 0
30 33 27 17 63 0 87 407812
25 36 9 45 65 0 150 613350
23 40 42 4 37 0 0 0
25 40 15 26 64 0 133 623438
3 16 1 39 33 0 0 0
23 40 9 20 42 1 0 0
34 32 15 20 60 0 17 69096.8
23 40 9 20 45 0 6 28125
16 32 15 27 41 1 0 0
16 32 15 27 37 0 0 0
16 33 6 39 66 0 116 321900
16 33 42 3 43 0 0 0
2 19 3 44 58 0 98 271950
40 26 43 12 59 0 6 16650
23 40 9 47 70 0 68 267750
23 40 9 47 65 0 128 600000
25 40 19 24 49 0 54 253125
25 40 19 24 29 1 0 0
2 21 5 44 52 0 90 249750
25 40 18 24 49 0 54 253125
37 26 27 21 60 0 6 21150
26 40 5 47 32 1 0 0
26 40 5 47 58 1 121 541406
26 40 4 44 29 0 0 0
26 40 5 48 58 0 121 476438
26 40 4 41 31 0 0 0
27 40 9 47 69 0 66 283500
20 10 45 3 42 0 0 0
27 40 4 42 31 0 0 0
27 40 5 39 54 0 114 448875
27 40 5 39 53 0 102 401625
4 17 5 41 64 0 101 280275
27 40 4 39 32 0 0 0
27 40 8 45 68 0 78 307125
27 40 4 42 54 1 114 561094
27 40 4 42 37 0 0 0
49 34 46 15 48 0 42 213334
5 14 3 39 60 0 102 283050
5 14 2 39 30 0 0 0
3 14 2 39 27 0 0 0
3 14 2 39 29 0 0 0
37 23 29 20 39 0 0 0
3 16 3 41 58 0 101 280275
2 16 3 41 38 0 0 0
4 17 3 41 64 0 101 280275
4 17 5 41 36 0 0 0
7 17 6 42 31 0 0 0
3 17 0 22 66 0 82 227550
3 17 3 42 29 0 0 0
3 17 0 22 65 0 93 258075
6 17 6 42 30 0 0 0
19 10 42 3 39 0 0 0
6 17 5 42 46 0 18 49950
2 21 5 44 28 0 0 0
2 21 6 44 26 0 0 0
0 21 6 44 31 0 0 0
0 20 4 45 28 0 0 0
2 20 4 45 32 0 0 0
2 20 4 45 64 0 95 263625
19 10 42 3 50 0 18 49950
2 20 4 45 30 1 0 0
29 30 25 24 63 0 66 467775
5 17 8 42 24 0 0 0
0 16 5 20 34 1 0 0
0 16 5 19 56 0 92 324300
47 34 42 4 65 0 80 375000
0 18 5 20 32 0 0 0
0 18 0 22 68 0 50 176250
6 14 6 19 39 0 0 0
6 14 6 19 45 0 6 21150
4 14 0 22 66 0 73 257325
4 14 5 21 47 0 30 105750
46 34 28 16 57 0 32 150000
4 14 5 21 34 0 0 0
0 19 5 21 37 0 0 0
49 34 29 21 28 0 0 0
49 34 29 21 42 0 0 0
49 34 29 21 39 0 0 0
46 34 45 15 47 1 30 190477
49 34 29 19 33 0 0 0
49 34 29 19 38 0 0 0
6 16 26 17 43 0 0 0
49 34 29 19 61 0 87 407812
47 34 28 18 38 0 0 0
47 34 28 18 46 0 18 84375
47 34 28 18 57 0 87 407812
32 33 8 45 66 0 69 323438
47 34 28 26 50 0 66 309375
40 25 26 17 27 0 0 0
2 17 8 42 44 0 0 0
40 25 26 17 61 0 86 303150
47 34 26 27 42 0 0 0
47 34 26 27 48 0 42 196875
21 11 15 28 51 0 17 59925
47 34 26 27 62 0 86 403125
47 34 27 27 26 0 0 0
47 34 46 3 65 0 79 370312
47 34 27 27 38 0 0 0
48 34 25 27 46 0 18 84375
17 35 8 45 52 0 42 116550
48 34 25 27 59 0 85 398438
48 34 25 27 39 0 0 0
44 32 23 27 41 0 0 0
4 16 21 27 58 0 84 296100
44 32 43 3 66 0 67 272323
44 32 22 27 42 0 0 0
44 32 22 27 42 0 0 0
44 32 22 27 45 1 6 30483.9
44 32 26 17 39 0 0 0
2 16 2 23 66 0 66 232650
2 14 21 17 48 0 42 148050
2 14 21 17 42 0 0 0
0 15 22 17 51 0 78 274950
17 12 27 14 36 0 0 0
0 15 22 17 44 0 0 0
0 15 22 17 42 0 0 0
1 14 23 17 57 0 84 296100
16 10 28 14 61 0 29 102225
1 14 23 17 37 0 0 0
1 14 23 17 52 0 84 296100
4 16 21 27 44 0 0 0
4 16 21 27 25 0 0 0
4 16 21 27 62 0 84 296100
5 16 25 17 32 0 0 0
5 16 25 17 40 0 0 0
5 16 25 17 36 0 0 0
5 16 25 17 43 1 0 0
48 34 46 16 46 0 18 91428.8
36 26 27 20 63 0 78 274950
46 34 45 16 52 0 30 152381
6 16 8 41 46 0 18 49950
6 16 8 41 44 0 0 0
6 16 8 41 33 0 0 0
7 16 8 41 31 1 0 0
5 17 8 42 42 0 0 0
2 17 8 42 63 0 77 213675
7 16 9 41 53 0 76 210900
2 17 9 41 32 0 0 0
2 20 9 42 30 0 0 0
3 20 9 42 49 0 54 149850
3 20 9 42 46 0 18 49950
3 21 8 44 29 0 0 0
3 21 8 44 48 1 42 145688
3 21 9 44 41 0 0 0
17 12 29 14 59 0 30 105750
26 40 25 24 49 0 54 382725
31 33 29 14 34 0 0 0
23 32 23 24 59 0 66 391050
18 10 27 16 55 0 35 123375
48 34 43 16 25 0 0 0
9 18 9 20 22 0 0 0
9 18 13 23 55 0 54 190350
9 18 4 41 27 0 0 0
0 17 13 23 36 0 0 0
17 12 26 14 23 0 0 0
24 40 9 47 36 0 0 0
0 17 21 16 32 0 0 0
0 17 21 16 49 0 40 141000
29 29 26 16 59 0 40 187500
15 12 21 16 38 0 0 0
15 12 22 16 46 0 18 63450
16 12 22 16 29 0 0 0
19 12 23 16 36 0 0 0
19 12 25 16 46 0 18 63450
17 10 25 16 49 0 35 123375
17 10 25 16 35 0 0 0
17 10 25 16 36 0 0 0
18 10 26 16 43 0 0 0
18 10 26 16 37 0 0 0
16 12 27 16 30 0 0 0
16 12 27 16 57 0 35 123375
20 10 45 3 31 0 0 0
20 10 45 3 38 0 0 0
46 34 29 16 51 0 32 150000
46 34 29 16 57 0 32 150000
46 34 29 16 46 0 18 84375
46 34 28 16 39 0 0 0
46 34 28 16 32 0 0 0
46 34 47 18 37 0 0 0
46 34 49 18 58 0 30 118125
46 34 46 16 62 0 30 152381
29 29 29 14 27 0 0 0
17 12 26 14 37 0 0 0
18 12 27 14 53 0 30 105750
18 12 27 14 33 0 0 0
15 10 27 14 39 0 0 0
15 10 25 14 39 0 0 0
16 10 28 14 42 0 0 0
19 10 28 14 59 0 29 102225
24 40 23 27 47 0 18 84375
26 40 22 27 38 0 0 0
17 32 16 24 41 0 0 0
29 31 26 25 31 0 0 0
31 33 15 20 22 0 0 0
21 11 15 20 49 0 17 59925
21 13 7 23 54 0 15 52875
21 13 7 23 35 0 0 0
21 13 7 23 29 0 0 0
21 12 6 23 37 0 0 0
29 31 27 27 38 0 0 0
19 30 16 26 25 0 0 0
31 28 28 26 60 0 6 24387.1
30 28 27 27 23 0 0 0
2 14 6 19 49 0 6 21150
37 26 25 24 22 0 0 0
23 33 23 24 55 0 6 35550
16 32 16 24 39 0 0 0
