50
947042083
74040
0 15 1 15 2 17.5 6 17.5 7 17.5 8 21.25 3 23.75 4 23.75 5 23.75 
18 3 18 3 18 3 0 3 0 3 0 3 0 3 0 3 0 3 18 3 0 3 0 3 0 3 0 3 18 0 18 0 18 0 18 0 18 0 18 0 1 1 1 1 18 1 16 0 17 0 16 0 17 0 16 0 17 0 16 0 17 0 16 0 17 0 16 0 17 0 16 0 17 0 16 0 17 0 16 0 17 0 18 0 3 1 18 1 18 1 18 1 18 1 18 1 18 1 18 1 
18 3 0 0 18 0 18 0 18 0 18 0 18 0 18 0 18 0 18 0 18 0 18 0 18 0 18 0 18 0 20 0 20 0 20 0 9 1 10 18 0 1 1 1 1 18 1 17 0 17 0 17 0 17 0 17 0 17 0 17 0 17 0 17 0 17 0 17 0 17 0 17 0 17 0 17 0 17 0 17 0 17 0 18 0 3 1 18 1 3 1 3 1 3 1 18 1 11 1 18 1 
18 3 0 0 18 0 11 0 10 0 12 0 17 0 10 0 11 0 18 0 2 3 2 3 2 3 2 3 18 1 20 0 20 0 20 0 20 0 18 0 18 0 18 0 18 1 18 0 18 0 18 0 18 0 18 0 18 0 18 0 18 0 18 0 18 0 18 0 18 0 18 0 18 0 18 0 18 0 18 0 18 0 18 0 3 1 18 1 3 1 18 1 3 1 18 1 10 1 18 1 
18 3 0 0 18 0 18 0 18 0 18 0 18 0 18 0 18 0 18 0 18 0 18 0 18 0 18 0 18 0 9 1 10 20 0 20 0 9 1 10 18 0 1 1 1 1 18 1 16 0 17 0 16 0 17 0 16 0 17 0 16 0 17 0 16 0 17 0 16 0 17 0 16 0 17 0 16 0 17 0 16 0 17 0 18 0 3 1 18 1 18 1 18 1 3 1 18 1 10 1 18 1 
18 3 0 0 18 0 11 0 10 0 12 0 17 0 10 0 11 0 18 0 2 3 2 3 2 3 2 3 18 0 9 1 10 9 1 10 9 1 10 9 1 10 18 0 1 1 1 1 18 1 17 0 17 0 17 0 17 0 17 0 17 0 17 0 17 0 17 0 17 0 17 0 17 0 17 0 17 0 17 0 17 0 17 0 17 0 18 0 3 1 3 1 3 1 3 1 3 1 18 1 11 1 18 1 
18 3 0 0 18 0 18 0 18 0 18 0 18 0 18 0 18 0 18 0 18 0 18 0 18 0 18 0 18 0 18 0 18 0 18 0 18 0 18 0 18 0 18 0 18 0 18 0 18 0 18 0 18 0 18 0 18 0 18 0 18 0 18 0 18 0 18 0 18 0 18 0 18 0 18 0 18 0 18 0 18 0 18 0 18 1 18 1 18 1 18 1 18 1 18 1 18 1 18 1 
18 3 0 0 18 0 3 0 3 0 3 0 3 0 3 0 3 3 18 0 9 0 10 9 0 10 9 0 10 9 0 10 9 0 10 9 0 10 9 0 10 9 0 10 9 0 10 18 0 1 1 1 1 18 0 1 1 1 1 18 0 9 0 10 9 0 10 9 0 10 9 0 10 18 0 0 0 0 0 0 0 0 0 0 0 0 0 0 0 0 0 0 0 0 0 18 0 0 1 0 1 0 1 0 1 0 1 18 1 11 1 18 1 
18 3 0 0 18 0 3 1 18 0 18 0 18 0 18 0 3 3 18 0 9 0 10 9 0 10 9 0 10 9 0 10 9 0 10 9 0 10 9 0 10 9 0 10 9 0 10 18 0 1 1 1 1 18 0 1 1 1 1 18 0 9 0 10 9 0 10 9 0 10 9 0 10 18 0 0 0 9 0 10 9 0 10 9 0 10 9 0 10 9 0 10 9 0 10 9 0 10 9 0 10 0 0 18 0 0 1 18 1 18 1 18 1 0 1 18 1 10 1 18 1 
18 3 0 0 18 0 3 1 18 0 3 1 3 2 18 0 3 3 18 0 9 0 10 9 0 10 9 0 10 9 0 10 9 0 10 9 0 10 9 0 10 9 0 10 9 0 10 18 0 1 1 1 1 18 0 1 1 1 1 18 0 9 0 10 9 0 10 9 0 10 9 0 10 18 0 0 0 9 0 10 9 0 10 9 0 10 9 0 10 9 0 10 9 0 10 9 0 10 9 0 10 0 0 18 0 0 1 18 1 0 1 18 1 0 1 18 1 12 1 18 1 
18 3 0 0 18 0 3 1 18 0 3 1 18 0 18 0 3 3 18 0 9 0 10 9 0 10 9 0 10 9 0 10 9 0 10 9 0 10 9 0 10 9 0 10 9 0 10 18 0 18 1 18 1 18 1 18 1 18 1 18 0 9 0 10 9 0 10 9 0 10 9 0 10 18 0 0 0 9 0 10 9 0 10 9 0 10 9 0 10 9 0 10 9 0 10 9 0 10 9 0 10 0 0 18 0 0 1 18 1 0 1 0 1 0 1 18 1 17 0 18 1 
18 3 0 0 18 0 3 1 18 0 3 1 3 2 3 2 3 2 18 0 9 0 10 9 0 10 9 0 10 9 0 10 9 0 10 9 0 10 9 0 10 9 0 10 9 0 10 18 0 9 0 10 9 0 10 18 0 9 0 10 9 0 10 18 0 9 0 10 9 0 10 9 0 10 9 0 10 18 0 0 0 9 0 10 9 0 10 9 0 10 9 0 10 9 0 10 9 0 10 9 0 10 9 0 10 0 0 18 0 0 1 18 1 18 1 18 1 18 1 18 1 10 1 18 1 
18 3 0 0 18 0 3 1 18 0 18 0 18 0 18 0 18 0 18 0 9 0 10 9 0 10 9 0 10 9 0 10 9 0 10 9 0 10 9 0 10 9 0 10 9 0 10 18 0 9 0 10 9 0 10 18 0 9 0 10 9 0 10 18 0 9 0 10 9 0 10 9 0 10 9 0 10 18 0 0 0 0 0 0 0 0 0 0 0 0 0 0 0 0 0 0 0 0 0 18 0 0 1 0 1 0 1 0 1 0 1 18 1 11 1 18 1 
18 3 0 0 18 0 16 1 17 0 16 1 17 0 16 1 17 0 16 1 17 0 9 0 10 9 0 10 9 0 10 9 0 10 9 0 10 9 0 10 9 0 10 9 0 10 18 0 9 0 10 9 0 10 18 0 9 0 10 9 0 10 18 0 9 0 10 9 0 10 9 0 10 9 0 10 18 0 18 0 18 0 18 0 18 0 18 0 18 0 18 0 18 0 18 0 18 0 18 0 18 1 18 1 18 1 18 1 18 1 18 1 18 1 18 0 
18 3 0 0 18 0 17 0 17 0 17 0 17 0 17 0 17 0 17 0 17 0 20 0 20 0 9 0 10 9 0 10 9 0 10 9 0 10 9 0 10 9 0 10 18 0 9 0 10 9 0 10 18 0 9 1 10 9 1 10 18 0 9 0 10 9 0 10 9 0 10 9 0 10 18 0 2 0 2 0 2 0 2 0 2 0 2 0 2 0 2 0 2 0 2 0 18 0 9 0 10 9 0 10 20 0 20 0 9 0 10 9 0 10 9 0 10 18 0 
18 3 0 0 18 0 18 0 18 0 18 0 18 0 18 0 18 0 18 0 9 0 10 20 0 20 0 20 0 9 0 10 9 0 10 9 0 10 9 0 10 9 0 10 18 0 18 1 18 1 18 0 18 1 18 1 18 0 18 0 18 0 18 0 18 2 18 2 18 2 18 2 18 2 18 2 18 2 18 2 18 2 18 2 18 2 18 2 18 2 9 0 10 20 0 20 0 20 0 20 0 9 0 10 9 0 10 18 0 
18 3 0 0 18 0 5 1 5 0 5 0 5 0 5 0 5 3 18 0 9 0 10 9 0 10 20 0 20 0 20 0 20 0 20 0 9 0 10 9 0 10 18 0 7 1 7 1 18 0 9 1 10 9 1 10 18 0 13 0 17 0 10 2 18 2 6 2 6 2 6 2 18 2 6 2 6 2 6 2 18 2 6 2 6 2 6 2 18 2 9 0 10 20 0 20 0 20 0 20 0 9 0 10 9 0 10 18 0 
18 3 0 0 18 0 5 1 18 0 18 0 18 0 18 0 5 3 18 0 9 0 10 9 0 10 9 0 10 20 0 20 0 20 0 20 0 20 0 9 0 10 18 0 7 1 7 1 18 0 9 1 10 9 1 10 18 0 17 0 17 0 10 2 18 2 6 2 9 2 10 6 2 18 2 6 2 9 2 10 6 2 18 2 6 2 9 2 10 6 2 18 2 9 0 10 9 0 10 20 0 20 0 20 0 9 0 10 9 0 10 18 0 
18 3 0 0 18 0 5 1 18 0 5 1 5 0 18 0 5 3 18 0 9 0 10 9 0 10 20 0 20 0 20 0 20 0 20 0 20 0 9 0 10 18 0 7 1 7 1 18 0 9 1 10 9 1 10 18 0 12 2 17 0 11 2 18 2 6 2 9 2 10 6 2 18 2 6 2 9 2 10 6 2 18 2 6 2 9 2 10 6 2 18 2 9 0 10 9 0 10 20 0 20 0 20 0 9 0 10 9 0 10 18 0 
18 3 0 0 18 0 5 1 18 0 5 1 18 0 18 0 5 3 18 0 9 0 10 9 0 10 20 0 20 0 20 0 20 0 20 0 9 0 10 9 0 10 18 0 7 1 7 1 18 0 9 1 10 9 1 10 18 0 13 0 17 0 10 2 18 2 6 2 9 2 10 6 2 18 2 6 2 9 2 10 6 2 18 2 6 2 9 2 10 6 2 18 2 9 0 10 9 0 10 20 0 20 0 20 0 9 0 10 9 0 10 18 0 
18 3 0 0 18 0 5 1 18 0 5 2 5 2 5 2 5 2 18 0 9 0 10 9 0 10 9 0 10 20 0 20 0 20 0 9 1 10 9 1 10 9 0 10 18 0 7 1 7 1 18 0 9 1 10 9 1 10 18 0 17 0 17 0 10 2 18 2 6 2 6 2 6 2 18 2 6 2 6 2 6 2 18 2 6 2 6 2 6 2 18 2 9 0 10 9 0 10 20 0 20 0 20 0 9 0 10 9 0 10 18 0 
18 3 18 0 18 0 5 1 18 0 18 0 18 0 18 0 18 0 18 0 9 0 10 9 0 10 9 0 10 20 0 20 0 9 0 10 9 1 10 9 1 10 9 1 10 18 0 7 1 7 1 18 0 9 1 10 9 1 10 18 0 18 0 18 0 18 0 18 2 18 2 18 2 18 2 18 2 18 2 18 2 18 2 18 2 18 2 18 2 18 2 18 2 9 0 10 20 0 20 0 20 0 20 0 20 0 9 0 10 18 0 
10 1 18 0 9 1 10 20 0 20 0 20 0 20 0 9 1 10 9 1 10 9 1 10 9 0 10 9 0 10 9 0 10 9 0 10 20 0 9 0 10 9 1 10 9 1 10 9 1 10 18 0 7 1 7 1 18 0 9 1 10 9 1 10 18 0 9 0 10 9 0 10 9 0 10 18 2 6 2 6 2 6 2 18 2 0 1 0 1 0 1 18 2 6 2 6 2 6 2 18 2 20 0 20 0 20 0 20 0 20 0 20 0 9 0 10 18 0 
10 1 18 0 20 0 20 0 20 0 20 0 20 0 9 1 10 9 1 10 9 1 10 9 1 10 9 1 10 9 1 10 9 1 10 9 1 10 9 1 10 9 1 10 9 1 10 9 1 10 18 0 18 1 18 1 18 0 18 0 18 0 18 0 20 0 9 2 10 9 2 10 18 2 6 2 9 2 10 6 2 18 2 0 1 9 2 10 0 1 18 2 6 2 9 2 10 6 2 18 2 20 0 20 0 20 0 20 0 20 0 20 0 20 0 18 0 
12 1 18 0 20 0 20 0 20 0 20 0 9 1 10 9 1 10 9 1 10 9 1 10 9 1 10 20 0 20 0 20 0 9 1 10 9 1 10 9 1 10 9 1 10 9 1 10 18 0 6 1 6 1 18 0 9 1 10 9 1 10 20 0 20 0 20 0 9 2 10 18 2 6 0 9 2 10 6 2 18 2 0 1 9 2 10 0 1 18 2 6 2 9 2 10 6 2 18 2 9 0 10 20 0 20 0 20 0 20 0 20 0 20 0 18 0 
17 0 18 0 9 1 10 20 0 9 1 10 9 1 10 9 1 10 9 1 10 9 1 10 9 1 10 20 0 20 0 20 0 20 0 20 0 9 1 10 9 1 10 9 1 10 9 1 10 18 0 6 1 6 1 18 0 9 1 10 9 0 10 20 0 20 0 20 0 20 0 18 2 18 0 9 2 10 6 2 18 2 0 1 9 2 10 0 1 18 2 6 2 9 2 10 6 2 18 2 9 0 10 9 0 10 20 0 20 0 20 0 20 0 20 0 18 0 
10 1 18 0 16 1 17 0 16 1 17 0 9 1 10 20 0 20 0 20 0 20 0 20 0 20 0 20 0 20 0 9 1 10 9 1 10 9 1 10 9 1 10 18 0 6 1 6 1 18 0 9 1 10 9 1 10 20 0 20 0 20 0 20 0 20 0 18 0 6 2 6 2 18 2 0 1 0 1 0 1 18 2 6 2 6 2 6 2 18 2 9 0 10 9 0 10 9 0 10 20 0 20 0 20 0 20 0 18 0 
10 1 18 2 17 0 17 0 17 0 17 0 20 0 20 0 20 0 20 0 20 0 20 0 20 0 20 0 9 1 10 9 1 10 9 1 10 9 1 10 9 1 10 18 0 6 1 6 1 18 0 18 0 18 0 18 1 20 0 20 0 20 0 20 0 18 0 18 2 18 2 18 2 18 2 18 2 18 2 18 2 18 2 18 2 18 2 18 2 9 0 10 9 0 10 9 0 10 9 0 10 20 0 20 0 9 0 10 18 0 
10 1 18 2 18 1 18 1 18 1 18 1 20 0 20 0 20 0 18 2 18 2 18 2 18 2 18 2 18 2 18 1 18 2 18 2 18 2 18 2 9 0 10 9 0 10 18 0 9 1 10 9 1 10 18 1 9 2 10 20 0 20 0 18 2 18 0 6 2 6 2 18 2 6 2 6 2 6 2 18 2 9 0 10 9 0 10 9 0 10 9 0 10 9 0 10 9 0 10 9 0 10 9 0 10 9 0 10 9 0 10 9 0 10 18 0 
12 1 18 2 14 1 17 0 12 1 14 1 17 0 18 2 13 1 17 0 12 1 13 1 17 0 18 2 14 1 17 0 12 1 14 1 17 0 18 2 9 0 10 9 0 10 18 0 9 1 10 9 1 10 18 1 9 2 10 9 2 10 9 2 10 18 2 6 2 9 2 10 6 2 18 2 6 2 9 2 10 6 2 18 2 9 0 10 9 0 10 9 0 10 9 0 10 9 0 10 9 0 10 9 0 10 9 0 10 9 0 10 9 0 10 9 0 10 18 0 
17 0 18 2 17 0 17 0 17 0 17 0 17 0 18 2 17 0 17 0 17 0 17 0 17 0 18 2 17 0 17 0 17 0 17 0 17 0 18 2 9 0 10 9 0 10 18 0 9 1 10 9 1 10 18 1 9 0 10 9 0 10 9 0 10 18 2 6 2 9 2 10 6 2 18 2 6 2 9 2 10 6 2 18 2 9 0 10 9 0 10 9 0 10 9 0 10 9 0 10 9 0 10 9 0 10 9 0 10 9 0 10 9 0 10 9 0 10 18 0 
10 1 18 2 18 2 18 2 18 2 18 2 18 2 18 2 18 2 18 2 18 2 18 2 18 2 18 2 18 2 18 2 18 2 18 2 18 2 18 2 18 1 18 1 18 2 18 0 18 0 18 0 18 2 18 2 18 2 18 2 6 2 9 2 10 6 2 18 2 6 2 9 2 10 6 2 18 2 9 0 10 9 0 10 9 0 10 18 0 18 0 18 0 18 0 18 0 18 0 9 0 10 9 0 10 18 0 
10 1 18 2 8 0 8 0 18 2 0 2 0 2 18 2 0 2 0 2 18 2 0 2 0 2 18 2 0 2 0 2 18 2 0 2 0 2 18 2 9 3 10 9 3 10 18 2 9 1 10 9 1 10 18 1 13 0 17 0 10 2 18 2 6 2 6 2 6 2 18 2 6 2 6 2 6 2 18 2 9 0 10 9 0 10 9 0 10 18 0 9 1 10 9 1 10 9 1 10 9 1 10 18 0 9 0 10 9 0 10 18 0 
10 1 18 2 8 0 8 0 18 2 0 2 0 2 18 2 0 2 0 2 18 2 0 2 0 2 18 2 0 2 0 2 18 2 0 2 0 2 18 2 9 3 10 9 3 10 18 2 9 1 10 9 1 10 18 1 17 0 17 0 10 2 18 2 18 2 18 2 18 3 18 2 18 2 18 2 18 2 18 2 18 0 18 0 18 0 18 0 9 1 10 20 0 9 1 10 9 1 10 18 0 18 0 18 0 18 0 
12 1 18 2 18 2 18 2 18 2 18 2 18 2 18 2 18 2 18 2 18 2 18 2 18 2 18 2 18 2 18 2 18 2 18 2 18 2 18 2 18 1 18 1 18 2 18 0 18 0 18 0 18 2 18 2 18 2 18 2 4 2 4 2 4 2 18 3 4 2 4 2 4 2 18 3 9 0 10 9 0 10 9 0 10 9 1 10 20 0 20 0 20 0 9 1 10 18 0 9 1 10 18 0 0 3 
17 0 18 2 8 0 8 0 18 0 14 1 17 0 18 0 13 1 17 0 12 1 13 1 17 0 18 0 14 1 17 0 12 1 14 1 17 0 18 2 9 3 10 9 3 10 18 0 9 1 10 9 1 10 18 1 13 0 17 0 11 2 18 2 4 2 9 2 10 4 2 18 2 4 2 9 3 10 4 2 18 2 9 0 10 9 0 10 9 0 10 20 0 20 0 20 0 20 0 20 0 18 2 9 1 10 18 2 0 3 
10 1 18 2 8 0 8 0 18 0 17 0 17 0 18 0 17 0 17 0 17 0 17 0 17 0 18 0 17 0 17 0 17 0 17 0 17 0 18 2 9 3 10 9 3 10 18 0 9 1 10 9 1 10 18 1 17 0 17 0 11 2 18 1 4 2 9 2 10 4 2 18 2 4 2 9 2 10 4 2 18 2 9 0 10 9 0 10 9 0 10 20 0 20 0 20 0 20 0 20 0 18 2 9 1 10 18 2 0 3 
10 1 18 2 18 2 18 2 18 2 18 2 18 2 18 2 18 2 18 2 18 2 18 2 18 2 18 2 18 2 18 2 18 2 18 2 18 2 18 2 18 1 18 1 18 2 18 0 18 0 18 2 18 2 18 2 18 2 18 2 4 2 4 2 4 2 18 2 4 2 4 2 4 2 18 2 9 0 10 9 0 10 9 0 10 9 2 10 20 0 20 0 20 0 9 1 10 18 2 9 1 10 18 2 0 3 
16 0 17 0 16 0 17 0 18 2 1 2 1 2 18 2 1 2 1 2 18 2 0 2 0 2 18 2 2 2 2 2 18 2 2 2 2 2 18 2 8 1 8 1 18 2 9 1 10 9 1 10 18 1 9 3 10 9 3 10 10 3 18 2 18 2 18 2 18 2 18 2 18 2 18 2 18 2 18 2 18 2 18 2 18 2 18 2 18 2 18 2 18 2 18 3 18 2 9 1 10 18 2 0 3 
17 0 17 0 17 0 17 0 18 2 1 2 1 2 18 2 1 2 1 2 18 2 0 2 0 2 18 2 2 2 2 2 18 2 2 2 2 2 18 2 8 1 8 1 18 2 9 1 10 9 1 10 20 0 20 0 9 3 10 10 3 18 2 3 2 3 2 3 2 18 2 3 2 3 2 3 2 18 2 1 0 1 0 1 0 18 2 0 0 0 0 0 0 0 0 18 2 9 1 10 18 2 0 3 
18 0 18 0 18 0 18 0 18 2 18 2 18 2 18 2 18 2 18 2 18 2 18 2 18 2 18 2 18 2 18 2 18 2 18 2 18 2 18 2 8 1 8 1 18 2 9 1 10 9 1 10 18 1 20 0 20 0 11 3 18 2 3 2 9 2 10 3 2 18 2 3 2 9 2 10 3 2 18 2 1 0 9 0 10 1 0 18 2 0 0 9 0 10 9 0 10 0 0 18 0 18 2 18 2 0 2 
16 0 17 0 16 0 17 0 18 2 1 2 1 2 18 2 1 2 1 2 18 2 9 2 10 9 2 10 20 0 20 0 9 2 10 18 2 2 2 2 2 18 2 8 1 8 1 18 2 9 1 10 9 1 10 18 1 9 3 10 9 3 10 11 3 18 2 3 2 3 2 3 2 18 2 3 2 3 2 3 2 18 2 1 0 1 0 1 0 18 2 0 0 0 0 0 0 9 0 10 0 0 0 2 18 2 0 2 
17 0 17 0 17 0 17 0 18 2 1 2 1 2 18 2 1 2 1 2 18 2 9 2 10 9 2 10 9 2 10 20 0 20 0 18 2 2 2 2 2 18 2 8 1 8 1 18 2 9 1 10 9 1 10 18 1 13 2 17 0 12 3 18 2 18 2 18 2 18 2 18 2 18 2 18 2 18 2 18 2 18 2 18 2 18 2 18 2 18 2 18 2 18 2 0 0 9 0 10 0 2 18 2 0 2 
18 0 18 0 18 0 18 0 18 2 18 2 18 2 18 2 18 2 18 2 18 2 9 2 10 9 2 10 9 2 10 20 0 20 0 18 2 18 2 18 2 18 2 18 0 18 0 18 2 9 1 10 9 1 10 18 1 17 0 17 0 17 0 18 2 5 2 5 2 5 2 18 2 16 0 17 0 16 0 17 0 16 0 17 0 16 0 17 0 16 0 17 0 18 2 0 0 9 0 10 0 0 18 2 0 2 
16 0 17 0 16 0 17 0 18 0 1 0 1 0 18 2 1 2 1 2 18 2 9 2 10 9 2 10 20 0 20 0 20 0 18 2 2 2 2 2 18 2 7 1 7 0 18 2 9 1 10 9 1 10 18 1 11 3 18 2 18 2 18 2 5 2 9 2 10 5 2 18 2 17 0 17 0 17 0 17 0 17 0 17 0 17 0 17 0 17 0 17 0 18 2 0 0 9 0 10 0 0 18 2 0 2 
17 0 17 0 17 0 17 0 18 0 1 0 1 0 18 2 1 2 1 2 18 2 9 2 10 20 0 20 0 20 0 9 2 10 18 2 2 2 2 2 18 2 7 0 7 1 18 2 9 1 10 9 1 10 18 2 18 2 18 2 20 0 20 0 5 2 5 2 5 2 18 2 9 1 10 9 1 10 9 1 10 20 0 20 0 9 3 10 9 3 10 9 0 10 9 0 10 9 0 10 18 2 0 0 9 0 10 0 0 18 2 0 2 
18 0 18 0 18 0 18 0 18 0 18 0 18 0 18 2 18 2 18 1 18 2 18 2 18 2 18 2 18 2 18 2 18 2 18 2 18 2 18 2 7 1 7 1 18 2 9 1 10 9 1 10 20 0 20 0 20 0 20 0 20 0 18 2 18 2 18 2 18 2 18 2 18 2 18 2 20 0 20 0 20 0 9 3 10 9 3 10 9 0 7 9 0 7 18 2 0 0 9 0 10 0 0 18 2 0 2 
16 0 17 0 16 0 17 0 18 0 10 1 10 1 18 0 11 1 18 1 11 1 18 0 10 1 10 1 18 0 16 0 17 0 16 0 17 0 18 2 7 1 7 1 18 2 9 1 10 9 1 10 20 0 20 0 20 0 6 2 18 2 3 2 3 2 3 2 18 2 3 2 3 2 3 2 20 0 20 0 9 3 10 9 3 10 9 3 10 9 0 7 9 0 7 18 2 0 2 0 2 0 2 18 2 0 2 
17 0 17 0 17 0 17 0 18 0 10 1 10 1 18 0 11 1 18 1 11 1 18 0 10 1 10 1 18 0 17 0 17 0 17 0 17 0 18 2 7 1 7 1 18 2 9 1 10 9 1 10 18 2 6 2 17 0 6 2 18 2 3 2 9 2 10 3 2 18 2 3 2 9 2 10 3 2 18 2 18 2 18 2 18 2 18 2 18 2 18 2 18 2 18 2 18 2 18 2 18 2 0 2 
16 0 17 0 16 0 17 0 18 0 10 1 10 1 18 0 11 1 18 1 11 1 18 0 10 1 10 1 18 0 16 0 17 0 16 0 17 0 18 2 7 1 7 1 18 2 9 1 10 9 1 10 18 2 6 2 6 2 6 2 18 2 3 2 3 2 3 2 18 2 3 2 3 2 3 2 18 2 1 2 1 2 1 2 1 2 1 2 1 2 1 2 1 2 1 2 18 2 9 2 10 9 2 10 
17 0 17 0 17 0 17 0 18 0 10 1 10 1 18 0 11 1 18 1 11 1 18 0 10 1 10 1 18 0 17 0 17 0 17 0 17 0 18 2 18 2 18 2 18 2 18 1 18 1 18 2 18 2 18 2 18 2 18 2 18 2 18 2 18 2 18 2 18 2 18 2 18 2 18 2 18 3 18 3 18 3 18 3 18 3 18 3 18 3 18 3 18 3 18 3 9 2 10 9 2 10 
1636
44 45 46 36 8 33337 0 33337
44 45 46 36 8 33337 0 33337
39 38 30 34 63 0 224 292128
44 45 46 36 8 33337 0 33337
44 45 46 36 8 33337 0 33337
22 36 22 38 8 33337 0 33337
38 8 32 2 33 1 0 0
40 38 39 34 34 0 0 0
22 36 22 38 8 33337 0 33337
22 36 22 38 8 33337 0 33337
13 36 15 35 45 0 8 8610
0 21 18 8 62 0 174 378193
22 36 22 38 8 33337 0 33337
37 14 37 20 8 33337 0 33337
37 14 37 20 8 33337 0 33337
37 14 37 20 8 33337 0 33337
11 1 11 3 60 0 152 183206
37 14 37 20 8 33337 0 33337
37 14 37 20 8 33337 0 33337
4 12 16 8 38 0 0 0
37 14 37 20 8 33337 0 33337
37 14 37 20 8 33337 0 33337
37 14 37 20 8 33337 0 33337
38 40 35 34 64 0 236 342530
37 14 37 20 8 33337 0 33337
37 14 37 20 8 33337 0 33337
37 14 37 20 8 33337 0 33337
37 14 37 20 8 33337 0 33337
40 17 41 20 65 0 168 466854
37 14 37 20 8 33337 0 33337
37 14 37 20 8 33337 0 33337
13 35 21 31 54 0 116 238689
37 14 37 20 8 33337 0 33337
37 14 37 20 8 33337 0 33337
1 21 6 8 8 33337 0 33337
1 21 6 8 8 33337 0 33337
1 21 6 8 8 33337 0 33337
1 21 6 8 8 33337 0 33337
1 21 15 21 8 33337 0 33337
1 21 15 21 8 33337 0 33337
1 21 15 21 8 33337 0 33337
1 21 15 21 8 33337 0 33337
40 17 40 20 8 33337 0 33337
40 17 40 20 8 33337 0 33337
40 17 40 20 8 33337 0 33337
40 17 40 20 8 33337 0 33337
40 17 40 20 8 33337 0 33337
40 17 40 20 8 33337 0 33337
40 17 40 20 8 33337 0 33337
40 17 40 20 8 33337 0 33337
40 17 40 20 8 33337 0 33337
40 17 40 20 8 33337 0 33337
40 17 40 20 8 33337 0 33337
40 17 40 20 8 33337 0 33337
40 17 40 20 8 33337 0 33337
40 17 40 20 8 33337 0 33337
40 17 40 20 8 33337 0 33337
11 1 16 3 42 0 0 0
10 42 15 40 8 33337 0 33337
10 42 15 40 8 33337 0 33337
10 42 15 40 8 33337 0 33337
10 42 15 40 8 33337 0 33337
43 6 35 3 8 33337 0 33337
43 6 35 3 8 33337 0 33337
43 6 35 3 8 33337 0 33337
43 6 35 3 8 33337 0 33337
43 6 35 3 8 33337 0 33337
43 6 35 3 8 33337 0 33337
43 6 35 3 8 33337 0 33337
43 6 35 3 8 33337 0 33337
4 13 7 8 8 33337 0 33337
4 13 7 8 8 33337 0 33337
4 13 7 8 8 33337 0 33337
4 13 7 8 8 33337 0 33337
4 13 6 7 8 33337 0 33337
4 13 6 7 8 33337 0 33337
4 13 6 7 8 33337 0 33337
4 13 6 7 8 33337 0 33337
4 13 8 8 8 33337 0 33337
4 13 8 8 8 33337 0 33337
4 13 8 8 8 33337 0 33337
4 13 8 8 8 33337 0 33337
4 13 9 8 8 33337 0 33337
4 13 9 8 8 33337 0 33337
4 13 9 8 8 33337 0 33337
4 13 9 8 8 33337 0 33337
44 18 44 20 8 33337 0 33337
44 18 44 20 8 33337 0 33337
44 18 44 20 8 33337 0 33337
44 18 44 20 8 33337 0 33337
44 18 44 20 8 33337 0 33337
44 18 44 20 8 33337 0 33337
44 18 44 20 8 33337 0 33337
44 18 44 20 8 33337 0 33337
44 18 43 20 8 33337 0 33337
44 18 43 20 8 33337 0 33337
44 18 43 20 8 33337 0 33337
44 18 43 20 8 33337 0 33337
44 18 43 20 8 33337 0 33337
44 18 43 20 8 33337 0 33337
44 18 43 20 8 33337 0 33337
44 18 43 20 8 33337 0 33337
7 1 7 3 8 33337 0 33337
7 1 7 3 8 33337 0 33337
7 1 7 3 8 33337 0 33337
7 1 7 3 8 33337 0 33337
2 1 6 3 8 33337 0 33337
2 1 6 3 8 33337 0 33337
2 1 6 3 8 33337 0 33337
2 1 6 3 8 33337 0 33337
40 5 35 3 8 33337 0 33337
40 5 35 3 8 33337 0 33337
40 5 35 3 8 33337 0 33337
40 5 35 3 8 33337 0 33337
40 5 35 3 8 33337 0 33337
40 5 35 3 8 33337 0 33337
40 5 35 3 8 33337 0 33337
40 5 35 3 8 33337 0 33337
37 6 34 3 8 33337 0 33337
37 6 34 3 8 33337 0 33337
37 6 34 3 8 33337 0 33337
37 6 34 3 8 33337 0 33337
37 6 34 3 8 33337 0 33337
37 6 34 3 8 33337 0 33337
37 6 34 3 8 33337 0 33337
37 6 34 3 8 33337 0 33337
9 46 4 46 8 33337 0 33337
9 46 4 46 8 33337 0 33337
9 46 4 46 8 33337 0 33337
9 46 4 46 8 33337 0 33337
6 20 15 20 8 33337 0 33337
6 20 15 20 8 33337 0 33337
6 20 15 20 8 33337 0 33337
6 20 15 20 8 33337 0 33337
6 20 15 20 8 33337 0 33337
6 20 15 20 8 33337 0 33337
6 20 15 20 8 33337 0 33337
6 20 15 20 8 33337 0 33337
6 45 4 45 8 33337 0 33337
6 45 4 45 8 33337 0 33337
6 45 4 45 8 33337 0 33337
6 45 4 45 8 33337 0 33337
44 6 35 2 8 33337 0 33337
44 6 35 2 8 33337 0 33337
44 6 35 2 8 33337 0 33337
44 6 35 2 8 33337 0 33337
44 6 35 2 8 33337 0 33337
44 6 35 2 8 33337 0 33337
44 6 35 2 8 33337 0 33337
44 6 35 2 8 33337 0 33337
3 1 6 4 8 33337 0 33337
3 1 6 4 8 33337 0 33337
3 1 6 4 8 33337 0 33337
3 1 6 4 8 33337 0 33337
0 4 6 5 8 33337 0 33337
0 4 6 5 8 33337 0 33337
0 4 6 5 8 33337 0 33337
0 4 6 5 8 33337 0 33337
44 5 35 2 8 33337 0 33337
44 5 35 2 8 33337 0 33337
44 5 35 2 8 33337 0 33337
44 5 35 2 8 33337 0 33337
44 5 35 2 8 33337 0 33337
44 5 35 2 8 33337 0 33337
44 5 35 2 8 33337 0 33337
44 5 35 2 8 33337 0 33337
31 18 26 20 8 33337 0 33337
31 18 26 20 8 33337 0 33337
31 18 26 20 8 33337 0 33337
31 18 26 20 8 33337 0 33337
2 11 6 6 8 33337 0 33337
2 11 6 6 8 33337 0 33337
2 11 6 6 8 33337 0 33337
2 11 6 6 8 33337 0 33337
2 11 8 6 8 33337 0 33337
2 11 8 6 8 33337 0 33337
2 11 8 6 8 33337 0 33337
2 11 8 6 8 33337 0 33337
2 11 8 5 8 33337 0 33337
2 11 8 5 8 33337 0 33337
2 11 8 5 8 33337 0 33337
2 11 8 5 8 33337 0 33337
2 11 10 8 8 33337 0 33337
2 11 10 8 8 33337 0 33337
2 11 10 8 8 33337 0 33337
2 11 10 8 8 33337 0 33337
9 45 4 44 8 33337 0 33337
9 45 4 44 8 33337 0 33337
9 45 4 44 8 33337 0 33337
9 45 4 44 8 33337 0 33337
39 42 39 36 8 33337 0 33337
39 42 39 36 8 33337 0 33337
39 42 39 36 8 33337 0 33337
39 42 39 36 8 33337 0 33337
0 11 10 7 8 33337 0 33337
0 11 10 7 8 33337 0 33337
0 11 10 7 8 33337 0 33337
0 11 10 7 8 33337 0 33337
13 37 15 36 8 33337 0 33337
13 37 15 36 8 33337 0 33337
13 37 15 36 8 33337 0 33337
13 37 15 36 8 33337 0 33337
13 37 15 38 8 33337 0 33337
13 37 15 38 8 33337 0 33337
13 37 15 38 8 33337 0 33337
13 37 15 38 8 33337 0 33337
13 37 15 35 8 33337 0 33337
13 37 15 35 8 33337 0 33337
13 37 15 35 8 33337 0 33337
13 37 15 39 8 33337 0 33337
13 37 15 39 8 33337 0 33337
13 37 15 39 8 33337 0 33337
13 37 15 39 8 33337 0 33337
13 37 16 36 8 33337 0 33337
33 49 25 40 8 33337 0 33337
33 49 25 40 8 33337 0 33337
33 49 25 40 8 33337 0 33337
33 49 25 40 8 33337 0 33337
0 13 9 5 8 33337 0 33337
0 13 9 5 8 33337 0 33337
0 13 9 5 8 33337 0 33337
0 13 9 5 8 33337 0 33337
38 42 38 36 8 33337 0 33337
38 42 38 36 8 33337 0 33337
38 42 38 36 8 33337 0 33337
38 42 38 36 8 33337 0 33337
6 23 15 21 8 33337 0 33337
6 23 15 21 8 33337 0 33337
6 23 15 21 8 33337 0 33337
6 23 15 21 8 33337 0 33337
6 23 16 21 8 33337 0 33337
6 23 16 21 8 33337 0 33337
6 23 16 21 8 33337 0 33337
6 23 16 21 8 33337 0 33337
41 45 40 36 8 33337 0 33337
41 45 40 36 8 33337 0 33337
41 45 40 36 8 33337 0 33337
41 45 40 36 8 33337 0 33337
0 6 8 3 8 33337 0 33337
0 6 8 3 8 33337 0 33337
0 6 8 3 8 33337 0 33337
0 6 8 3 8 33337 0 33337
0 7 9 3 8 33337 0 33337
0 7 9 3 8 33337 0 33337
0 7 9 3 8 33337 0 33337
0 7 9 3 8 33337 0 33337
6 43 4 43 8 33337 0 33337
6 43 4 43 8 33337 0 33337
6 43 4 43 8 33337 0 33337
6 43 4 43 8 33337 0 33337
44 47 47 36 8 33337 0 33337
44 47 47 36 8 33337 0 33337
44 47 47 36 8 33337 0 33337
44 47 47 36 8 33337 0 33337
0 12 10 6 8 33337 0 33337
0 12 10 6 8 33337 0 33337
0 12 10 6 8 33337 0 33337
0 12 10 6 8 33337 0 33337
7 46 3 46 8 33337 0 33337
7 46 3 46 8 33337 0 33337
7 46 3 46 8 33337 0 33337
7 46 3 46 8 33337 0 33337
6 44 4 42 8 33337 0 33337
6 44 4 42 8 33337 0 33337
6 44 4 42 8 33337 0 33337
6 44 4 42 8 33337 0 33337
39 45 36 36 8 33337 0 33337
39 45 36 36 8 33337 0 33337
39 45 36 36 8 33337 0 33337
39 45 36 36 8 33337 0 33337
7 42 3 42 8 33337 0 33337
7 42 3 42 8 33337 0 33337
7 42 3 42 8 33337 0 33337
7 42 3 42 8 33337 0 33337
0 21 16 21 8 33337 0 33337
0 21 16 21 8 33337 0 33337
0 21 16 21 8 33337 0 33337
0 21 16 21 8 33337 0 33337
0 21 16 20 8 33337 0 33337
0 21 16 20 8 33337 0 33337
0 21 16 20 8 33337 0 33337
8 42 2 42 8 33337 0 33337
8 42 2 42 8 33337 0 33337
8 42 2 42 8 33337 0 33337
8 42 2 42 8 33337 0 33337
8 44 2 44 8 33337 0 33337
8 44 2 44 8 33337 0 33337
8 44 2 44 8 33337 0 33337
8 44 2 44 8 33337 0 33337
8 46 2 46 8 33337 0 33337
8 46 2 46 8 33337 0 33337
8 46 2 46 8 33337 0 33337
8 46 2 46 8 33337 0 33337
0 5 10 5 8 33337 0 33337
0 5 10 5 8 33337 0 33337
0 5 10 5 8 33337 0 33337
0 5 10 5 8 33337 0 33337
9 42 16 40 8 33337 0 33337
9 42 16 40 8 33337 0 33337
9 42 16 40 8 33337 0 33337
9 42 16 40 8 33337 0 33337
1 20 16 20 8 33337 0 33337
1 20 16 20 8 33337 0 33337
1 20 16 20 8 33337 0 33337
1 20 16 20 8 33337 0 33337
1 20 16 20 8 33337 0 33337
1 20 17 20 8 33337 0 33337
1 20 17 20 8 33337 0 33337
1 20 17 20 8 33337 0 33337
31 14 25 20 8 33337 0 33337
31 14 25 20 8 33337 0 33337
31 14 25 20 8 33337 0 33337
31 14 25 20 8 33337 0 33337
9 44 1 44 8 33337 0 33337
9 44 1 44 8 33337 0 33337
9 44 1 44 8 33337 0 33337
9 44 1 44 8 33337 0 33337
39 49 36 36 8 33337 0 33337
39 49 36 36 8 33337 0 33337
39 49 36 36 8 33337 0 33337
39 49 36 36 8 33337 0 33337
4 12 10 3 8 33337 0 33337
4 12 10 3 8 33337 0 33337
4 12 10 3 8 33337 0 33337
4 12 10 3 8 33337 0 33337
4 12 11 3 8 33337 0 33337
4 12 11 3 8 33337 0 33337
4 12 11 3 8 33337 0 33337
4 12 15 8 8 33337 0 33337
4 12 15 8 8 33337 0 33337
4 12 15 8 8 33337 0 33337
4 12 15 8 8 33337 0 33337
4 12 15 8 8 33337 0 33337
4 12 15 8 8 33337 0 33337
4 12 15 8 8 33337 0 33337
4 12 15 8 8 33337 0 33337
0 3 15 3 8 33337 0 33337
0 3 15 3 8 33337 0 33337
0 3 15 3 8 33337 0 33337
0 3 15 3 8 33337 0 33337
0 10 15 8 8 33337 0 33337
0 10 15 8 8 33337 0 33337
0 10 15 8 8 33337 0 33337
0 10 15 8 8 33337 0 33337
1 1 15 3 8 33337 0 33337
1 1 15 3 8 33337 0 33337
1 1 15 3 8 33337 0 33337
1 1 15 3 8 33337 0 33337
3 21 17 21 8 33337 0 33337
3 21 17 21 8 33337 0 33337
48 39 48 31 38 0 0 0
3 21 17 21 8 33337 0 33337
3 21 17 21 8 33337 0 33337
3 21 17 21 8 33337 0 33337
3 21 17 21 8 33337 0 33337
3 21 17 21 8 33337 0 33337
3 21 17 21 8 33337 0 33337
0 8 15 8 8 33337 0 33337
0 8 15 8 8 33337 0 33337
0 8 15 8 8 33337 0 33337
0 8 15 8 8 33337 0 33337
43 8 34 3 8 33337 0 33337
43 8 34 3 8 33337 0 33337
43 8 34 3 8 33337 0 33337
43 8 34 3 8 33337 0 33337
43 8 34 3 8 33337 0 33337
43 8 34 3 8 33337 0 33337
43 8 34 3 8 33337 0 33337
43 8 34 3 8 33337 0 33337
0 20 17 20 8 33337 0 33337
0 20 17 20 8 33337 0 33337
0 20 17 20 8 33337 0 33337
0 20 17 20 8 33337 0 33337
0 20 17 20 8 33337 0 33337
0 20 18 20 8 33337 0 33337
0 20 18 20 8 33337 0 33337
0 20 18 20 8 33337 0 33337
24 36 24 38 8 33337 0 33337
24 36 24 38 8 33337 0 33337
24 36 24 38 8 33337 0 33337
24 36 24 38 8 33337 0 33337
6 21 18 21 8 33337 0 33337
6 21 18 21 8 33337 0 33337
6 21 18 21 8 33337 0 33337
6 21 18 21 8 33337 0 33337
6 21 18 21 8 33337 0 33337
6 21 18 21 8 33337 0 33337
6 21 18 21 8 33337 0 33337
6 21 18 21 8 33337 0 33337
2 10 15 7 8 33337 0 33337
2 10 15 7 8 33337 0 33337
2 10 15 7 8 33337 0 33337
2 10 15 7 8 33337 0 33337
2 10 15 7 8 33337 0 33337
2 10 15 7 8 33337 0 33337
2 10 15 7 8 33337 0 33337
2 10 15 7 8 33337 0 33337
2 10 15 7 8 33337 0 33337
2 10 15 7 8 33337 0 33337
2 10 15 7 8 33337 0 33337
2 10 15 7 8 33337 0 33337
2 10 15 7 8 33337 0 33337
2 10 15 7 8 33337 0 33337
2 10 15 7 8 33337 0 33337
2 10 15 7 8 33337 0 33337
2 12 15 6 8 33337 0 33337
2 12 15 6 8 33337 0 33337
2 12 15 6 8 33337 0 33337
2 12 15 6 8 33337 0 33337
2 12 15 6 8 33337 0 33337
2 12 15 6 8 33337 0 33337
2 12 15 6 8 33337 0 33337
2 12 15 6 8 33337 0 33337
2 12 15 6 8 33337 0 33337
2 12 15 6 8 33337 0 33337
2 12 15 6 8 33337 0 33337
2 12 15 6 8 33337 0 33337
2 12 15 6 8 33337 0 33337
2 12 15 6 8 33337 0 33337
2 12 15 6 8 33337 0 33337
2 12 15 6 8 33337 0 33337
2 13 16 8 8 33337 0 33337
2 13 16 8 8 33337 0 33337
2 13 16 8 8 33337 0 33337
2 13 16 8 8 33337 0 33337
2 13 16 8 8 33337 0 33337
2 13 16 8 8 33337 0 33337
2 13 16 8 8 33337 0 33337
2 13 16 8 8 33337 0 33337
2 13 16 8 8 33337 0 33337
2 13 16 8 8 33337 0 33337
2 13 16 8 8 33337 0 33337
2 13 16 8 8 33337 0 33337
2 13 16 8 8 33337 0 33337
2 13 16 8 8 33337 0 33337
2 13 16 8 8 33337 0 33337
2 13 15 5 8 33337 0 33337
6 32 15 32 8 33337 0 33337
6 32 15 32 8 33337 0 33337
6 32 15 32 8 33337 0 33337
6 32 15 32 8 33337 0 33337
3 20 18 20 8 33337 0 33337
3 20 18 20 8 33337 0 33337
3 20 18 20 8 33337 0 33337
3 20 18 20 8 33337 0 33337
3 20 18 20 8 33337 0 33337
3 20 15 30 8 33337 0 33337
3 20 15 30 8 33337 0 33337
3 20 15 30 8 33337 0 33337
38 43 35 36 8 33337 0 33337
38 43 35 36 8 33337 0 33337
38 43 35 36 8 33337 0 33337
38 43 35 36 8 33337 0 33337
6 1 15 3 8 33337 0 33337
6 1 15 3 8 33337 0 33337
6 1 15 3 8 33337 0 33337
6 1 15 3 8 33337 0 33337
6 33 15 34 8 33337 0 33337
6 33 15 34 8 33337 0 33337
6 33 15 34 8 33337 0 33337
6 33 15 34 8 33337 0 33337
6 31 15 31 8 33337 0 33337
6 31 15 31 8 33337 0 33337
6 31 15 31 8 33337 0 33337
6 31 15 31 8 33337 0 33337
4 1 15 3 8 33337 0 33337
4 1 15 3 8 33337 0 33337
4 1 15 3 8 33337 0 33337
39 38 40 32 40 0 0 0
4 1 15 3 8 33337 0 33337
38 8 34 2 8 33337 0 33337
38 8 34 2 8 33337 0 33337
38 8 34 2 8 33337 0 33337
38 8 34 2 8 33337 0 33337
38 8 34 2 8 33337 0 33337
38 8 34 2 8 33337 0 33337
38 8 34 2 8 33337 0 33337
4 10 15 5 8 33337 0 33337
4 10 15 5 8 33337 0 33337
4 10 15 5 8 33337 0 33337
4 10 15 5 8 33337 0 33337
4 10 15 5 8 33337 0 33337
4 10 15 5 8 33337 0 33337
4 10 15 5 8 33337 0 33337
4 10 15 5 8 33337 0 33337
4 10 15 5 8 33337 0 33337
4 10 15 5 8 33337 0 33337
4 10 15 5 8 33337 0 33337
4 10 15 5 8 33337 0 33337
4 10 15 5 8 33337 0 33337
4 10 15 5 8 33337 0 33337
4 10 15 5 8 33337 0 33337
4 10 15 4 8 33337 0 33337
4 11 15 4 8 33337 0 33337
4 11 15 4 8 33337 0 33337
4 11 15 4 8 33337 0 33337
4 11 15 4 8 33337 0 33337
4 11 15 4 8 33337 0 33337
4 11 15 4 8 33337 0 33337
4 11 15 4 8 33337 0 33337
4 11 15 4 8 33337 0 33337
4 11 15 4 8 33337 0 33337
4 11 15 4 8 33337 0 33337
4 11 15 4 8 33337 0 33337
4 11 15 4 8 33337 0 33337
4 11 15 4 8 33337 0 33337
4 11 15 4 8 33337 0 33337
4 11 15 4 8 33337 0 33337
4 11 17 8 8 33337 0 33337
4 20 15 30 8 33337 0 33337
4 20 19 20 8 33337 0 33337
4 20 19 20 8 33337 0 33337
4 20 19 20 8 33337 0 33337
4 20 19 20 8 33337 0 33337
4 20 19 20 8 33337 0 33337
11 1 16 3 56 0 17 33463.1
4 20 19 20 8 33337 0 33337
4 20 19 20 8 33337 0 33337
5 1 16 3 8 33337 0 33337
5 1 16 3 8 33337 0 33337
5 1 16 3 8 33337 0 33337
5 1 16 3 8 33337 0 33337
31 12 31 3 8 33337 0 33337
31 12 31 3 8 33337 0 33337
31 12 31 3 8 33337 0 33337
31 12 31 3 8 33337 0 33337
41 47 40 35 8 33337 0 33337
41 47 40 35 8 33337 0 33337
41 47 40 35 8 33337 0 33337
41 47 40 35 8 33337 0 33337
4 21 16 30 8 33337 0 33337
4 21 16 30 8 33337 0 33337
4 21 16 30 8 33337 0 33337
4 21 16 30 8 33337 0 33337
4 21 19 21 8 33337 0 33337
4 21 19 21 8 33337 0 33337
4 21 19 21 8 33337 0 33337
4 21 19 21 8 33337 0 33337
22 34 22 32 8 33337 0 33337
22 34 22 32 8 33337 0 33337
22 34 22 32 8 33337 0 33337
22 34 22 32 8 33337 0 33337
6 40 1 42 8 33337 0 33337
6 40 1 42 8 33337 0 33337
6 40 1 42 8 33337 0 33337
6 40 1 42 8 33337 0 33337
6 35 0 42 8 33337 0 33337
6 35 0 42 8 33337 0 33337
6 35 0 42 8 33337 0 33337
6 35 0 42 8 33337 0 33337
6 24 17 30 8 33337 0 33337
6 24 17 30 8 33337 0 33337
6 24 17 30 8 33337 0 33337
6 24 17 30 8 33337 0 33337
6 24 16 32 8 33337 0 33337
6 24 16 32 8 33337 0 33337
6 24 16 32 8 33337 0 33337
6 24 16 32 8 33337 0 33337
6 34 16 34 8 33337 0 33337
6 34 16 34 8 33337 0 33337
6 34 16 34 8 33337 0 33337
6 34 16 34 8 33337 0 33337
6 36 16 36 8 33337 0 33337
6 36 16 36 8 33337 0 33337
6 36 16 36 8 33337 0 33337
6 36 16 38 8 33337 0 33337
37 5 34 2 8 33337 0 33337
37 5 34 2 8 33337 0 33337
37 5 34 2 8 33337 0 33337
37 5 34 2 8 33337 0 33337
37 5 34 2 8 33337 0 33337
37 5 34 2 8 33337 0 33337
37 5 34 2 8 33337 0 33337
37 5 34 2 8 33337 0 33337
6 37 1 45 8 33337 0 33337
6 37 1 45 8 33337 0 33337
6 37 1 45 8 33337 0 33337
6 37 1 45 8 33337 0 33337
6 38 1 46 8 33337 0 33337
6 38 1 46 8 33337 0 33337
6 38 1 46 8 33337 0 33337
6 38 1 46 8 33337 0 33337
6 39 16 38 8 33337 0 33337
6 39 16 38 8 33337 0 33337
6 39 16 38 8 33337 0 33337
6 39 17 38 8 33337 0 33337
31 9 31 3 8 33337 0 33337
31 9 31 3 8 33337 0 33337
31 9 31 3 8 33337 0 33337
31 9 31 3 8 33337 0 33337
37 11 38 20 8 33337 0 33337
37 11 38 20 8 33337 0 33337
37 11 38 20 8 33337 0 33337
37 11 38 20 8 33337 0 33337
6 42 17 40 8 33337 0 33337
6 42 17 40 8 33337 0 33337
6 42 17 40 8 33337 0 33337
6 42 17 40 8 33337 0 33337
23 34 23 32 8 33337 0 33337
23 34 23 32 8 33337 0 33337
23 34 23 32 8 33337 0 33337
23 34 23 32 8 33337 0 33337
37 49 35 36 8 33337 0 33337
37 49 35 36 8 33337 0 33337
37 49 35 36 8 33337 0 33337
37 49 35 36 8 33337 0 33337
6 46 18 40 8 33337 0 33337
6 46 18 40 8 33337 0 33337
6 46 18 40 8 33337 0 33337
6 46 18 40 8 33337 0 33337
7 20 19 20 8 33337 0 33337
7 20 19 21 8 33337 0 33337
7 20 19 21 8 33337 0 33337
7 20 19 21 8 33337 0 33337
7 20 19 21 8 33337 0 33337
7 20 20 20 8 33337 0 33337
7 20 20 20 8 33337 0 33337
7 20 20 20 8 33337 0 33337
7 21 20 21 8 33337 0 33337
7 21 20 21 8 33337 0 33337
7 21 20 21 8 33337 0 33337
7 21 20 21 8 33337 0 33337
7 21 20 21 8 33337 0 33337
7 21 20 21 8 33337 0 33337
7 21 20 21 8 33337 0 33337
7 21 20 21 8 33337 0 33337
41 6 34 2 8 33337 0 33337
41 6 32 3 8 33337 0 33337
41 6 32 3 8 33337 0 33337
41 6 32 3 8 33337 0 33337
41 6 32 3 8 33337 0 33337
41 6 32 3 8 33337 0 33337
41 6 32 3 8 33337 0 33337
41 6 32 3 8 33337 0 33337
7 23 18 30 8 33337 0 33337
14 1 17 3 20 0 0 0
7 23 18 30 8 33337 0 33337
7 23 18 30 8 33337 0 33337
7 23 18 30 8 33337 0 33337
7 23 20 20 8 33337 0 33337
7 23 20 20 8 33337 0 33337
7 23 20 20 8 33337 0 33337
7 23 20 20 8 33337 0 33337
7 24 17 32 8 33337 0 33337
7 24 17 32 8 33337 0 33337
7 24 17 32 8 33337 0 33337
40 39 40 34 40 0 0 0
7 24 17 32 8 33337 0 33337
7 24 19 30 8 33337 0 33337
7 24 19 30 8 33337 0 33337
7 24 19 30 8 33337 0 33337
7 24 19 30 8 33337 0 33337
37 9 32 3 8 33337 0 33337
37 9 32 3 8 33337 0 33337
37 9 32 3 8 33337 0 33337
37 9 32 3 8 33337 0 33337
37 9 32 3 8 33337 0 33337
37 9 32 3 8 33337 0 33337
37 9 32 3 8 33337 0 33337
37 9 32 3 8 33337 0 33337
7 31 17 34 8 33337 0 33337
7 31 17 34 8 33337 0 33337
7 31 17 34 8 33337 0 33337
7 31 17 34 8 33337 0 33337
43 49 48 36 8 33337 0 33337
43 49 48 36 8 33337 0 33337
43 49 48 36 8 33337 0 33337
43 49 48 36 8 33337 0 33337
7 40 17 38 8 33337 0 33337
7 40 17 38 8 33337 0 33337
7 40 17 38 8 33337 0 33337
7 40 17 36 8 33337 0 33337
13 35 17 36 8 33337 0 33337
13 35 17 36 8 33337 0 33337
13 35 17 36 8 33337 0 33337
13 35 18 34 8 33337 0 33337
13 35 18 34 8 33337 0 33337
13 35 18 34 8 33337 0 33337
13 35 18 34 8 33337 0 33337
13 35 18 36 8 33337 0 33337
13 35 18 36 8 33337 0 33337
13 35 18 36 8 33337 0 33337
13 35 18 36 8 33337 0 33337
13 35 18 32 8 33337 0 33337
13 35 18 32 8 33337 0 33337
13 35 18 32 8 33337 0 33337
13 35 18 32 8 33337 0 33337
8 1 16 3 8 33337 0 33337
8 1 16 3 8 33337 0 33337
8 1 16 3 8 33337 0 33337
8 1 16 3 8 33337 0 33337
8 20 20 20 8 33337 0 33337
8 20 21 20 8 33337 0 33337
8 20 21 20 8 33337 0 33337
8 20 21 20 8 33337 0 33337
8 20 21 20 8 33337 0 33337
8 20 21 20 8 33337 0 33337
8 20 21 20 8 33337 0 33337
8 20 21 20 8 33337 0 33337
8 21 21 21 8 33337 0 33337
8 21 21 21 8 33337 0 33337
8 21 21 21 8 33337 0 33337
8 21 21 21 8 33337 0 33337
8 21 21 21 8 33337 0 33337
8 21 21 21 8 33337 0 33337
8 21 21 21 8 33337 0 33337
8 21 21 21 8 33337 0 33337
8 23 21 20 8 33337 0 33337
8 23 19 31 8 33337 0 33337
8 23 19 31 8 33337 0 33337
8 23 19 31 8 33337 0 33337
8 23 19 31 8 33337 0 33337
40 38 43 32 34 0 0 0
8 23 19 32 8 33337 0 33337
8 23 19 32 8 33337 0 33337
8 23 19 32 8 33337 0 33337
8 24 19 32 8 33337 0 33337
8 24 21 30 8 33337 0 33337
8 24 21 30 8 33337 0 33337
8 24 21 30 8 33337 0 33337
8 24 21 30 8 33337 0 33337
8 24 21 31 8 33337 0 33337
8 24 21 31 8 33337 0 33337
8 24 21 31 8 33337 0 33337
8 31 19 34 8 33337 0 33337
8 31 19 34 8 33337 0 33337
8 31 19 34 8 33337 0 33337
8 31 19 34 8 33337 0 33337
8 40 18 38 8 33337 0 33337
8 40 18 38 8 33337 0 33337
12 1 17 3 18 0 0 0
8 40 18 38 8 33337 0 33337
8 40 18 38 8 33337 0 33337
24 34 24 32 8 33337 0 33337
24 34 24 32 8 33337 0 33337
24 34 24 32 8 33337 0 33337
24 34 24 32 8 33337 0 33337
9 31 19 35 8 33337 0 33337
9 31 19 35 8 33337 0 33337
9 31 19 35 8 33337 0 33337
9 31 19 35 8 33337 0 33337
9 40 19 40 8 33337 0 33337
9 40 19 40 8 33337 0 33337
9 40 19 40 8 33337 0 33337
9 40 19 40 8 33337 0 33337
38 45 34 36 8 33337 0 33337
38 45 34 36 8 33337 0 33337
13 1 17 3 25 0 0 0
38 45 34 36 8 33337 0 33337
38 45 34 36 8 33337 0 33337
10 31 19 36 8 33337 0 33337
10 31 19 36 8 33337 0 33337
10 31 19 36 8 33337 0 33337
10 31 19 36 8 33337 0 33337
10 40 19 39 8 33337 0 33337
10 40 19 39 8 33337 0 33337
10 40 19 39 8 33337 0 33337
10 40 19 39 8 33337 0 33337
11 31 21 32 8 33337 0 33337
11 31 21 32 8 33337 0 33337
11 31 21 32 8 33337 0 33337
11 31 21 32 8 33337 0 33337
11 40 19 38 8 33337 0 33337
11 40 19 38 8 33337 0 33337
11 40 19 38 8 33337 0 33337
11 40 19 38 8 33337 0 33337
11 42 21 40 8 33337 0 33337
11 42 21 40 8 33337 0 33337
11 42 21 40 8 33337 0 33337
11 42 21 40 8 33337 0 33337
11 43 21 39 8 33337 0 33337
11 43 21 39 8 33337 0 33337
11 43 21 39 8 33337 0 33337
11 43 21 39 8 33337 0 33337
11 44 21 38 8 33337 0 33337
11 44 21 38 8 33337 0 33337
11 44 21 38 8 33337 0 33337
11 44 21 38 8 33337 0 33337
11 45 22 40 8 33337 0 33337
11 45 22 40 8 33337 0 33337
11 45 22 40 8 33337 0 33337
11 45 22 40 8 33337 0 33337
11 46 23 40 8 33337 0 33337
11 46 23 40 8 33337 0 33337
11 46 23 40 8 33337 0 33337
9 1 17 3 28 0 0 0
11 46 23 40 8 33337 0 33337
40 38 43 32 37 0 0 0
38 17 38 20 8 33337 0 33337
38 17 38 20 8 33337 0 33337
38 17 38 20 8 33337 0 33337
38 17 38 20 8 33337 0 33337
38 17 38 20 8 33337 0 33337
38 17 38 20 8 33337 0 33337
38 17 38 20 8 33337 0 33337
38 17 38 20 8 33337 0 33337
38 17 38 20 8 33337 0 33337
38 17 38 20 8 33337 0 33337
38 17 38 20 8 33337 0 33337
38 17 38 20 8 33337 0 33337
38 17 39 20 8 33337 0 33337
38 17 39 20 8 33337 0 33337
38 17 39 20 8 33337 0 33337
38 17 39 20 8 33337 0 33337
11 32 22 30 8 33337 0 33337
11 32 22 30 8 33337 0 33337
11 32 22 30 8 33337 0 33337
11 32 22 30 8 33337 0 33337
11 33 23 30 8 33337 0 33337
11 33 23 30 8 33337 0 33337
11 33 23 30 8 33337 0 33337
11 33 23 30 8 33337 0 33337
11 34 23 38 8 33337 0 33337
11 34 23 38 8 33337 0 33337
11 34 23 38 8 33337 0 33337
11 34 23 38 8 33337 0 33337
38 11 39 20 8 33337 0 33337
38 11 39 20 8 33337 0 33337
38 11 39 20 8 33337 0 33337
38 11 39 20 8 33337 0 33337
11 35 24 40 8 33337 0 33337
11 35 24 40 8 33337 0 33337
11 35 24 40 8 33337 0 33337
11 35 24 40 8 33337 0 33337
43 5 32 3 8 33337 0 33337
43 5 32 2 8 33337 0 33337
43 5 32 2 8 33337 0 33337
43 5 32 2 8 33337 0 33337
43 5 32 2 8 33337 0 33337
43 5 32 2 8 33337 0 33337
43 5 32 2 8 33337 0 33337
43 5 32 2 8 33337 0 33337
11 36 25 38 8 33337 0 33337
11 36 25 38 8 33337 0 33337
11 36 25 38 8 33337 0 33337
11 36 25 38 8 33337 0 33337
38 39 36 32 29 0 0 0
11 37 25 39 8 33337 0 33337
11 37 25 39 8 33337 0 33337
11 37 25 39 8 33337 0 33337
11 37 25 39 8 33337 0 33337
11 38 25 32 8 33337 0 33337
11 38 25 32 8 33337 0 33337
11 38 25 32 8 33337 0 33337
11 38 25 32 8 33337 0 33337
11 39 25 31 8 33337 0 33337
48 39 48 31 30 0 0 0
11 39 25 31 8 33337 0 33337
11 39 25 31 8 33337 0 33337
11 39 25 31 8 33337 0 33337
31 5 31 3 8 33337 0 33337
31 5 31 3 8 33337 0 33337
10 1 17 3 27 0 0 0
31 5 31 3 8 33337 0 33337
31 5 31 3 8 33337 0 33337
13 31 27 31 8 33337 0 33337
13 31 27 31 8 33337 0 33337
13 31 27 31 8 33337 0 33337
13 31 27 31 8 33337 0 33337
13 31 27 32 8 33337 0 33337
13 31 27 32 8 33337 0 33337
13 31 27 32 8 33337 0 33337
13 31 27 32 8 33337 0 33337
13 31 23 21 8 33337 0 33337
13 31 23 21 8 33337 0 33337
13 31 23 21 8 33337 0 33337
13 31 23 21 8 33337 0 33337
13 31 27 34 8 33337 0 33337
13 31 27 34 8 33337 0 33337
13 31 27 34 8 33337 0 33337
13 31 27 34 8 33337 0 33337
13 32 27 35 8 33337 0 33337
13 32 27 35 8 33337 0 33337
13 32 27 35 8 33337 0 33337
13 32 27 35 8 33337 0 33337
13 32 27 36 8 33337 0 33337
13 32 27 36 8 33337 0 33337
13 32 27 36 8 33337 0 33337
13 32 27 36 8 33337 0 33337
13 32 28 32 8 33337 0 33337
13 32 28 32 8 33337 0 33337
13 32 28 32 8 33337 0 33337
13 32 28 32 8 33337 0 33337
13 32 28 34 8 33337 0 33337
13 32 28 34 8 33337 0 33337
13 32 28 34 8 33337 0 33337
13 32 28 34 8 33337 0 33337
13 33 28 30 8 33337 0 33337
13 33 28 30 8 33337 0 33337
13 33 28 30 8 33337 0 33337
13 33 28 30 8 33337 0 33337
13 33 28 36 8 33337 0 33337
13 33 28 36 8 33337 0 33337
13 33 28 36 8 33337 0 33337
13 33 28 36 8 33337 0 33337
13 33 29 32 8 33337 0 33337
13 33 29 32 8 33337 0 33337
13 33 29 32 8 33337 0 33337
13 33 29 32 8 33337 0 33337
13 33 29 34 8 33337 0 33337
13 33 29 34 8 33337 0 33337
13 33 29 34 8 33337 0 33337
13 33 29 34 8 33337 0 33337
38 15 39 20 8 33337 0 33337
38 15 39 20 8 33337 0 33337
38 15 39 20 8 33337 0 33337
38 15 39 20 8 33337 0 33337
38 15 39 20 8 33337 0 33337
38 15 39 20 8 33337 0 33337
38 15 39 20 8 33337 0 33337
38 15 39 20 8 33337 0 33337
38 15 40 20 8 33337 0 33337
38 15 41 20 8 33337 0 33337
38 15 41 20 8 33337 0 33337
38 15 41 20 8 33337 0 33337
38 15 41 20 8 33337 0 33337
38 15 41 20 8 33337 0 33337
38 15 41 20 8 33337 0 33337
38 15 41 20 8 33337 0 33337
40 9 32 2 8 33337 0 33337
40 9 32 2 8 33337 0 33337
40 9 32 2 8 33337 0 33337
40 9 32 2 8 33337 0 33337
40 9 32 2 8 33337 0 33337
40 9 32 2 8 33337 0 33337
40 9 32 2 8 33337 0 33337
40 9 32 2 8 33337 0 33337
13 34 29 36 8 33337 0 33337
13 34 29 36 8 33337 0 33337
13 34 29 36 8 33337 0 33337
13 34 29 36 8 33337 0 33337
13 34 29 30 8 33337 0 33337
13 34 29 30 8 33337 0 33337
13 34 29 30 8 33337 0 33337
13 34 29 30 8 33337 0 33337
13 34 30 34 8 33337 0 33337
13 34 30 34 8 33337 0 33337
13 34 30 34 8 33337 0 33337
13 34 24 21 8 33337 0 33337
40 38 42 32 50 0 23 49019.8
13 34 24 21 8 33337 0 33337
13 34 24 21 8 33337 0 33337
13 34 24 21 8 33337 0 33337
13 34 30 36 8 33337 0 33337
13 36 30 36 8 33337 0 33337
13 36 30 36 8 33337 0 33337
13 36 30 36 8 33337 0 33337
13 36 30 32 8 33337 0 33337
13 36 30 32 8 33337 0 33337
13 36 30 32 8 33337 0 33337
13 36 30 32 8 33337 0 33337
13 36 31 36 8 33337 0 33337
13 36 31 36 8 33337 0 33337
13 36 31 36 8 33337 0 33337
13 36 31 36 8 33337 0 33337
13 36 31 35 8 33337 0 33337
13 36 31 35 8 33337 0 33337
13 36 31 35 8 33337 0 33337
13 36 31 35 8 33337 0 33337
13 38 31 34 8 33337 0 33337
13 38 31 34 8 33337 0 33337
13 38 31 34 8 33337 0 33337
13 38 31 34 8 33337 0 33337
13 38 30 30 8 33337 0 33337
13 38 30 30 8 33337 0 33337
13 38 30 30 8 33337 0 33337
13 38 30 30 8 33337 0 33337
13 38 31 32 8 33337 0 33337
13 38 31 32 8 33337 0 33337
13 38 31 32 8 33337 0 33337
13 38 31 32 8 33337 0 33337
13 38 31 31 8 33337 0 33337
13 38 31 31 8 33337 0 33337
13 38 31 31 8 33337 0 33337
13 38 31 31 8 33337 0 33337
13 39 31 30 8 33337 0 33337
13 39 31 30 8 33337 0 33337
13 39 31 30 8 33337 0 33337
13 39 31 30 8 33337 0 33337
13 39 33 36 8 33337 0 33337
13 39 33 36 8 33337 0 33337
9 1 17 3 26 0 0 0
13 39 33 36 8 33337 0 33337
13 39 33 36 8 33337 0 33337
13 39 33 36 8 33337 0 33337
13 39 33 36 8 33337 0 33337
13 39 33 36 8 33337 0 33337
13 39 33 36 8 33337 0 33337
13 39 33 35 8 33337 0 33337
13 39 33 35 8 33337 0 33337
13 39 33 35 8 33337 0 33337
13 39 33 35 8 33337 0 33337
13 40 33 35 8 33337 0 33337
13 40 33 35 8 33337 0 33337
13 40 33 35 8 33337 0 33337
13 40 33 35 8 33337 0 33337
13 40 33 34 8 33337 0 33337
13 40 33 34 8 33337 0 33337
13 40 33 34 8 33337 0 33337
13 40 33 34 8 33337 0 33337
39 38 42 32 40 0 0 0
13 40 33 34 8 33337 0 33337
13 40 33 34 8 33337 0 33337
13 40 33 34 8 33337 0 33337
13 40 33 34 8 33337 0 33337
13 40 34 36 8 33337 0 33337
13 40 34 36 8 33337 0 33337
13 40 34 36 8 33337 0 33337
38 38 36 35 52 0 8 10716.8
40 39 39 34 52 0 70 95514.4
13 40 34 36 8 33337 0 33337
16 1 16 3 56 0 7 11413.1
10 1 17 3 27 0 0 0
14 1 18 3 28 0 0 0
41 18 41 20 8 33337 0 33337
41 18 41 20 8 33337 0 33337
41 18 41 20 8 33337 0 33337
41 18 41 20 8 33337 0 33337
41 18 41 20 8 33337 0 33337
41 18 41 20 8 33337 0 33337
41 18 41 20 8 33337 0 33337
41 18 41 20 8 33337 0 33337
41 18 41 21 8 33337 0 33337
41 18 41 21 8 33337 0 33337
41 18 41 21 8 33337 0 33337
41 18 41 21 8 33337 0 33337
41 18 41 21 8 33337 0 33337
41 18 41 21 8 33337 0 33337
41 18 41 21 8 33337 0 33337
41 18 41 21 8 33337 0 33337
32 5 31 3 8 33337 0 33337
32 5 31 3 8 33337 0 33337
32 5 31 3 8 33337 0 33337
32 5 31 3 8 33337 0 33337
17 1 18 3 58 0 9 15823.1
40 39 40 34 39 0 0 0
40 42 36 35 8 33337 0 33337
40 42 36 35 8 33337 0 33337
40 42 36 35 8 33337 0 33337
40 42 36 35 8 33337 0 33337
45 45 46 35 8 33337 0 33337
45 45 46 35 8 33337 0 33337
45 45 46 35 8 33337 0 33337
45 45 46 35 8 33337 0 33337
48 41 48 35 8 33337 0 33337
48 41 48 35 8 33337 0 33337
48 41 48 35 8 33337 0 33337
48 41 48 35 8 33337 0 33337
48 41 48 34 8 33337 0 33337
48 41 48 34 8 33337 0 33337
48 41 48 34 8 33337 0 33337
12 1 17 3 49 0 2 2801.25
48 41 48 34 8 33337 0 33337
17 1 18 3 33 0 0 0
36 49 36 34 8 33337 0 33337
36 49 36 34 8 33337 0 33337
36 49 36 34 8 33337 0 33337
36 49 36 34 8 33337 0 33337
38 44 38 34 8 33337 0 33337
38 44 38 34 8 33337 0 33337
38 44 38 34 8 33337 0 33337
38 44 36 34 8 33337 0 33337
32 8 31 2 8 33337 0 33337
32 8 31 2 8 33337 0 33337
32 8 31 2 8 33337 0 33337
32 8 31 2 8 33337 0 33337
38 38 38 35 21 0 0 0
19 1 19 3 8 33337 0 33337
19 1 19 3 8 33337 0 33337
19 1 19 3 8 33337 0 33337
19 1 19 3 8 33337 0 33337
48 40 47 34 8 33337 0 33337
48 40 47 34 8 33337 0 33337
48 40 47 34 8 33337 0 33337
48 40 47 34 8 33337 0 33337
48 40 46 34 8 33337 0 33337
48 40 46 34 8 33337 0 33337
48 40 46 34 8 33337 0 33337
48 40 46 34 8 33337 0 33337
32 14 37 21 8 33337 0 33337
32 14 37 21 8 33337 0 33337
32 14 37 21 8 33337 0 33337
32 14 37 21 8 33337 0 33337
44 17 45 20 8 33337 0 33337
44 17 45 20 8 33337 0 33337
44 17 45 20 8 33337 0 33337
44 17 45 20 8 33337 0 33337
44 17 45 20 8 33337 0 33337
44 17 45 20 8 33337 0 33337
44 17 45 20 8 33337 0 33337
44 17 45 20 8 33337 0 33337
44 17 46 20 8 33337 0 33337
44 17 46 20 8 33337 0 33337
44 17 46 20 8 33337 0 33337
44 17 46 20 8 33337 0 33337
44 17 46 20 8 33337 0 33337
44 17 46 20 8 33337 0 33337
44 17 46 20 8 33337 0 33337
44 17 46 20 8 33337 0 33337
38 49 36 34 8 33337 0 33337
38 49 36 34 8 33337 0 33337
38 49 36 34 8 33337 0 33337
38 49 35 34 8 33337 0 33337
38 5 31 2 8 33337 0 33337
38 5 31 2 8 33337 0 33337
38 5 31 2 8 33337 0 33337
38 5 31 2 8 33337 0 33337
38 5 31 2 8 33337 0 33337
38 5 31 2 8 33337 0 33337
38 5 31 2 8 33337 0 33337
38 5 31 2 8 33337 0 33337
21 34 33 32 8 33337 0 33337
21 34 33 32 8 33337 0 33337
21 34 33 32 8 33337 0 33337
21 34 33 32 8 33337 0 33337
21 35 33 32 8 33337 0 33337
21 35 33 32 8 33337 0 33337
21 35 33 32 8 33337 0 33337
21 35 33 32 8 33337 0 33337
21 36 33 31 8 33337 0 33337
21 36 33 31 8 33337 0 33337
21 36 33 31 8 33337 0 33337
21 36 33 31 8 33337 0 33337
42 49 35 34 8 33337 0 33337
42 49 35 34 8 33337 0 33337
42 49 35 34 8 33337 0 33337
42 49 35 34 8 33337 0 33337
23 36 33 31 8 33337 0 33337
23 36 33 31 8 33337 0 33337
23 36 33 31 8 33337 0 33337
23 36 33 31 8 33337 0 33337
38 14 38 21 8 33337 0 33337
38 14 38 21 8 33337 0 33337
38 14 38 21 8 33337 0 33337
38 14 38 21 8 33337 0 33337
38 14 38 21 8 33337 0 33337
38 14 38 21 8 33337 0 33337
38 14 38 21 8 33337 0 33337
38 14 38 21 8 33337 0 33337
38 14 38 21 8 33337 0 33337
38 14 38 21 8 33337 0 33337
38 14 38 21 8 33337 0 33337
38 14 38 21 8 33337 0 33337
38 14 38 21 8 33337 0 33337
38 14 38 21 8 33337 0 33337
38 14 38 21 8 33337 0 33337
38 14 38 21 8 33337 0 33337
25 34 33 30 8 33337 0 33337
25 34 33 30 8 33337 0 33337
25 34 33 30 8 33337 0 33337
25 34 33 30 8 33337 0 33337
25 36 34 34 8 33337 0 33337
25 36 34 34 8 33337 0 33337
25 36 34 34 8 33337 0 33337
25 36 34 34 8 33337 0 33337
25 35 34 34 8 33337 0 33337
25 35 34 34 8 33337 0 33337
25 35 34 34 8 33337 0 33337
25 35 34 34 8 33337 0 33337
38 9 31 2 8 33337 0 33337
38 9 31 2 8 33337 0 33337
38 9 31 2 8 33337 0 33337
38 9 31 2 8 33337 0 33337
38 9 37 21 8 33337 0 33337
38 9 37 21 8 33337 0 33337
38 9 37 21 8 33337 0 33337
38 9 37 21 8 33337 0 33337
41 49 35 34 8 33337 0 33337
41 49 35 34 8 33337 0 33337
41 49 42 32 8 33337 0 33337
41 49 42 32 8 33337 0 33337
31 6 20 3 8 33337 0 33337
31 6 20 3 8 33337 0 33337
31 6 20 3 8 33337 0 33337
31 6 20 3 8 33337 0 33337
31 8 19 8 8 33337 0 33337
31 8 19 8 8 33337 0 33337
31 8 19 8 8 33337 0 33337
31 8 19 8 8 33337 0 33337
38 40 38 32 8 33337 0 33337
38 40 38 32 8 33337 0 33337
38 40 38 32 8 33337 0 33337
38 40 38 32 8 33337 0 33337
38 40 39 32 8 33337 0 33337
38 40 39 32 8 33337 0 33337
38 40 39 32 8 33337 0 33337
31 11 26 21 8 33337 0 33337
31 11 26 21 8 33337 0 33337
31 11 26 21 8 33337 0 33337
31 11 26 21 8 33337 0 33337
31 15 25 21 8 33337 0 33337
31 15 25 21 8 33337 0 33337
31 15 25 21 8 33337 0 33337
31 15 25 21 8 33337 0 33337
31 17 37 21 8 33337 0 33337
31 17 37 21 8 33337 0 33337
31 17 37 21 8 33337 0 33337
31 17 37 21 8 33337 0 33337
32 6 20 3 8 33337 0 33337
32 6 20 3 8 33337 0 33337
32 6 20 3 8 33337 0 33337
32 6 20 3 8 33337 0 33337
32 9 37 21 8 33337 0 33337
32 9 37 21 8 33337 0 33337
32 9 37 21 8 33337 0 33337
32 9 37 21 8 33337 0 33337
32 11 24 20 8 33337 0 33337
32 11 24 20 8 33337 0 33337
32 11 24 20 8 33337 0 33337
32 11 24 20 8 33337 0 33337
44 9 47 20 8 33337 0 33337
44 9 47 20 8 33337 0 33337
44 9 47 20 8 33337 0 33337
44 9 47 20 8 33337 0 33337
44 9 47 20 8 33337 0 33337
44 9 47 20 8 33337 0 33337
44 9 47 20 8 33337 0 33337
44 9 47 20 8 33337 0 33337
32 12 39 21 8 33337 0 33337
32 12 39 21 8 33337 0 33337
32 12 39 21 8 33337 0 33337
32 12 39 21 8 33337 0 33337
32 15 39 21 8 33337 0 33337
32 15 39 21 8 33337 0 33337
32 15 39 21 8 33337 0 33337
32 15 39 21 8 33337 0 33337
32 17 39 21 8 33337 0 33337
32 17 39 21 8 33337 0 33337
32 17 39 21 8 33337 0 33337
32 17 39 21 8 33337 0 33337
32 18 39 21 8 33337 0 33337
32 18 39 21 8 33337 0 33337
32 18 39 21 8 33337 0 33337
32 18 39 21 8 33337 0 33337
44 8 48 20 8 33337 0 33337
44 8 48 20 8 33337 0 33337
44 8 48 20 8 33337 0 33337
44 8 48 20 8 33337 0 33337
44 8 48 20 8 33337 0 33337
44 8 48 20 8 33337 0 33337
44 8 48 20 8 33337 0 33337
44 8 48 20 8 33337 0 33337
34 49 34 32 8 33337 0 33337
34 49 34 32 8 33337 0 33337
34 49 34 32 8 33337 0 33337
34 49 34 32 8 33337 0 33337
35 49 35 32 8 33337 0 33337
35 49 35 32 8 33337 0 33337
35 49 35 32 8 33337 0 33337
35 49 35 32 8 33337 0 33337
48 45 48 32 8 33337 0 33337
48 45 48 32 8 33337 0 33337
48 45 48 32 8 33337 0 33337
48 45 48 32 8 33337 0 33337
48 45 47 32 8 33337 0 33337
48 45 47 32 8 33337 0 33337
48 45 47 32 8 33337 0 33337
48 45 47 32 8 33337 0 33337
37 8 40 21 8 33337 0 33337
37 8 40 21 8 33337 0 33337
37 8 40 21 8 33337 0 33337
37 8 40 21 8 33337 0 33337
37 8 40 21 8 33337 0 33337
37 8 40 21 8 33337 0 33337
37 8 40 21 8 33337 0 33337
37 8 40 21 8 33337 0 33337
37 12 40 21 8 33337 0 33337
37 12 40 21 8 33337 0 33337
37 12 40 21 8 33337 0 33337
37 12 40 21 8 33337 0 33337
37 15 40 21 8 33337 0 33337
37 15 40 21 8 33337 0 33337
37 15 40 21 8 33337 0 33337
37 15 40 21 8 33337 0 33337
37 15 41 21 8 33337 0 33337
37 15 41 21 8 33337 0 33337
37 15 41 21 8 33337 0 33337
37 15 41 21 8 33337 0 33337
37 15 41 21 8 33337 0 33337
37 15 41 21 8 33337 0 33337
37 15 41 21 8 33337 0 33337
37 15 41 21 8 33337 0 33337
37 15 43 21 8 33337 0 33337
37 15 43 21 8 33337 0 33337
37 15 43 21 8 33337 0 33337
37 15 43 21 8 33337 0 33337
37 17 43 21 8 33337 0 33337
37 17 43 21 8 33337 0 33337
37 17 43 21 8 33337 0 33337
37 17 43 21 8 33337 0 33337
37 17 44 21 8 33337 0 33337
37 17 44 21 8 33337 0 33337
37 17 44 21 8 33337 0 33337
37 17 44 21 8 33337 0 33337
37 17 44 21 8 33337 0 33337
37 17 44 21 8 33337 0 33337
37 17 44 21 8 33337 0 33337
37 17 44 21 8 33337 0 33337
37 17 45 21 8 33337 0 33337
37 17 45 21 8 33337 0 33337
37 17 45 21 8 33337 0 33337
37 17 45 21 8 33337 0 33337
37 18 45 21 8 33337 0 33337
37 18 45 21 8 33337 0 33337
37 18 45 21 8 33337 0 33337
37 18 45 21 8 33337 0 33337
37 18 46 21 8 33337 0 33337
37 18 46 21 8 33337 0 33337
37 18 46 21 8 33337 0 33337
37 18 46 21 8 33337 0 33337
37 18 46 21 8 33337 0 33337
37 18 46 21 8 33337 0 33337
37 18 46 21 8 33337 0 33337
37 18 46 21 8 33337 0 33337
37 18 47 21 8 33337 0 33337
37 18 47 21 8 33337 0 33337
37 18 47 21 8 33337 0 33337
37 18 47 21 8 33337 0 33337
38 6 47 21 8 33337 0 33337
38 6 47 21 8 33337 0 33337
38 6 47 21 8 33337 0 33337
38 6 47 21 8 33337 0 33337
38 6 48 21 8 33337 0 33337
38 6 48 21 8 33337 0 33337
38 6 48 21 8 33337 0 33337
38 6 48 21 8 33337 0 33337
38 12 48 21 8 33337 0 33337
38 12 48 21 8 33337 0 33337
38 12 48 21 8 33337 0 33337
38 12 48 21 8 33337 0 33337
38 18 38 30 8 33337 0 33337
38 18 38 30 8 33337 0 33337
38 18 38 30 8 33337 0 33337
38 18 38 30 8 33337 0 33337
38 18 47 26 8 33337 0 33337
38 18 47 26 8 33337 0 33337
38 18 47 26 8 33337 0 33337
38 18 47 26 8 33337 0 33337
38 18 39 30 8 33337 0 33337
38 18 39 30 8 33337 0 33337
38 18 39 30 8 33337 0 33337
38 18 39 30 8 33337 0 33337
38 18 40 30 8 33337 0 33337
38 18 40 30 8 33337 0 33337
38 18 40 30 8 33337 0 33337
38 18 40 30 8 33337 0 33337
46 49 46 32 8 33337 0 33337
46 49 46 32 8 33337 0 33337
46 49 46 32 8 33337 0 33337
38 39 39 32 55 0 102 148577
46 49 46 32 8 33337 0 33337
38 39 36 32 62 0 63 116127
39 40 42 32 8 33337 0 33337
39 40 42 32 8 33337 0 33337
39 40 42 32 8 33337 0 33337
39 40 42 32 8 33337 0 33337
39 40 42 32 8 33337 0 33337
39 40 42 32 8 33337 0 33337
39 40 42 32 8 33337 0 33337
39 40 42 32 8 33337 0 33337
40 6 20 3 8 33337 0 33337
40 6 20 3 8 33337 0 33337
40 6 20 3 8 33337 0 33337
40 6 20 3 8 33337 0 33337
40 6 20 3 8 33337 0 33337
40 6 20 3 8 33337 0 33337
40 6 20 3 8 33337 0 33337
40 6 20 3 8 33337 0 33337
40 8 48 26 8 33337 0 33337
40 8 48 26 8 33337 0 33337
40 8 48 26 8 33337 0 33337
40 8 48 26 8 33337 0 33337
40 8 48 27 8 33337 0 33337
40 8 48 27 8 33337 0 33337
40 8 48 27 8 33337 0 33337
40 8 48 27 8 33337 0 33337
40 18 46 28 8 33337 0 33337
40 18 46 28 8 33337 0 33337
40 18 46 28 8 33337 0 33337
40 18 46 28 8 33337 0 33337
40 18 42 30 8 33337 0 33337
40 18 42 30 8 33337 0 33337
40 18 42 30 8 33337 0 33337
40 18 42 30 8 33337 0 33337
40 18 42 30 8 33337 0 33337
40 18 42 30 8 33337 0 33337
40 18 42 30 8 33337 0 33337
40 18 42 30 8 33337 0 33337
40 18 42 30 8 33337 0 33337
40 18 42 30 8 33337 0 33337
40 18 42 30 8 33337 0 33337
40 18 42 30 8 33337 0 33337
48 46 44 32 8 33337 0 33337
48 46 44 32 8 33337 0 33337
48 46 44 32 8 33337 0 33337
48 46 44 32 8 33337 0 33337
48 46 44 32 8 33337 0 33337
48 46 44 32 8 33337 0 33337
48 46 44 32 8 33337 0 33337
48 46 44 32 8 33337 0 33337
40 40 43 32 8 33337 0 33337
40 40 43 32 8 33337 0 33337
40 40 43 32 8 33337 0 33337
40 40 43 32 8 33337 0 33337
40 40 43 32 8 33337 0 33337
40 40 43 32 8 33337 0 33337
40 40 43 32 8 33337 0 33337
40 40 43 32 8 33337 0 33337
46 47 44 32 8 33337 0 33337
46 47 44 32 8 33337 0 33337
46 47 44 32 8 33337 0 33337
46 47 44 32 8 33337 0 33337
40 46 43 32 8 33337 0 33337
40 46 43 32 8 33337 0 33337
40 46 43 32 8 33337 0 33337
40 46 43 32 8 33337 0 33337
40 47 44 32 8 33337 0 33337
40 47 44 32 8 33337 0 33337
40 47 44 32 8 33337 0 33337
40 47 44 32 8 33337 0 33337
40 49 36 32 8 33337 0 33337
40 49 35 32 8 33337 0 33337
40 49 35 32 8 33337 0 33337
40 49 35 32 8 33337 0 33337
41 5 19 5 8 33337 0 33337
41 5 19 5 8 33337 0 33337
41 5 19 5 8 33337 0 33337
41 5 19 5 8 33337 0 33337
41 5 19 5 8 33337 0 33337
41 5 19 5 8 33337 0 33337
41 5 19 5 8 33337 0 33337
41 5 19 5 8 33337 0 33337
41 8 47 28 8 33337 0 33337
41 8 47 28 8 33337 0 33337
41 8 47 28 8 33337 0 33337
41 8 47 28 8 33337 0 33337
41 8 48 28 8 33337 0 33337
41 8 48 28 8 33337 0 33337
41 8 48 28 8 33337 0 33337
41 8 48 28 8 33337 0 33337
41 9 42 30 8 33337 0 33337
41 9 42 30 8 33337 0 33337
41 9 42 30 8 33337 0 33337
41 9 42 30 8 33337 0 33337
41 9 23 20 8 33337 0 33337
41 9 23 20 8 33337 0 33337
41 9 23 20 8 33337 0 33337
41 9 23 20 8 33337 0 33337
41 17 43 30 8 33337 0 33337
41 17 43 30 8 33337 0 33337
41 17 43 30 8 33337 0 33337
41 17 43 30 8 33337 0 33337
41 17 43 30 8 33337 0 33337
41 17 43 30 8 33337 0 33337
41 17 43 30 8 33337 0 33337
41 17 43 30 8 33337 0 33337
41 17 43 30 8 33337 0 33337
41 17 43 30 8 33337 0 33337
41 17 43 30 8 33337 0 33337
41 17 43 30 8 33337 0 33337
41 17 43 30 8 33337 0 33337
41 17 43 30 8 33337 0 33337
41 17 43 30 8 33337 0 33337
41 17 43 30 8 33337 0 33337
40 43 40 31 8 33337 0 33337
40 43 40 31 8 33337 0 33337
40 43 40 31 8 33337 0 33337
40 43 40 31 8 33337 0 33337
40 44 35 32 8 33337 0 33337
40 44 42 31 8 33337 0 33337
40 44 42 31 8 33337 0 33337
40 44 42 31 8 33337 0 33337
42 45 42 31 8 33337 0 33337
42 45 42 31 8 33337 0 33337
42 45 42 31 8 33337 0 33337
42 45 42 31 8 33337 0 33337
42 47 42 31 8 33337 0 33337
42 47 42 31 8 33337 0 33337
42 47 42 31 8 33337 0 33337
42 47 42 31 8 33337 0 33337
43 9 44 30 8 33337 0 33337
43 9 44 30 8 33337 0 33337
43 9 44 30 8 33337 0 33337
43 9 44 30 8 33337 0 33337
43 9 44 30 8 33337 0 33337
43 9 44 30 8 33337 0 33337
43 9 44 30 8 33337 0 33337
43 9 44 30 8 33337 0 33337
48 39 48 31 33 0 0 0
48 39 48 31 8 33337 0 33337
48 39 46 31 8 33337 0 33337
48 39 46 31 8 33337 0 33337
48 39 46 31 8 33337 0 33337
48 39 46 31 8 33337 0 33337
43 17 44 30 8 33337 0 33337
43 17 44 30 8 33337 0 33337
43 17 44 30 8 33337 0 33337
43 17 44 30 8 33337 0 33337
43 17 44 30 8 33337 0 33337
43 17 44 30 8 33337 0 33337
43 17 44 30 8 33337 0 33337
43 17 44 30 8 33337 0 33337
43 17 46 30 8 33337 0 33337
43 17 46 30 8 33337 0 33337
43 17 46 30 8 33337 0 33337
43 17 46 30 8 33337 0 33337
43 17 47 30 8 33337 0 33337
43 17 47 30 8 33337 0 33337
43 17 47 30 8 33337 0 33337
43 17 47 30 8 33337 0 33337
43 18 48 30 8 33337 0 33337
43 18 48 30 8 33337 0 33337
43 18 48 30 8 33337 0 33337
43 18 48 30 8 33337 0 33337
43 18 44 31 8 33337 0 33337
43 18 44 31 8 33337 0 33337
43 18 44 31 8 33337 0 33337
43 18 44 31 8 33337 0 33337
43 18 44 31 8 33337 0 33337
43 18 44 31 8 33337 0 33337
43 18 44 31 8 33337 0 33337
43 18 44 31 8 33337 0 33337
43 18 44 31 8 33337 0 33337
43 18 44 31 8 33337 0 33337
43 18 44 31 8 33337 0 33337
43 18 44 31 8 33337 0 33337
43 45 44 31 8 33337 0 33337
43 45 44 31 8 33337 0 33337
43 45 44 31 8 33337 0 33337
43 45 44 31 8 33337 0 33337
43 47 42 31 8 33337 0 33337
43 47 42 31 8 33337 0 33337
43 47 42 31 8 33337 0 33337
43 47 42 31 8 33337 0 33337
44 49 42 31 8 33337 0 33337
44 49 38 31 8 33337 0 33337
44 49 38 31 8 33337 0 33337
44 49 38 31 8 33337 0 33337
45 47 38 31 8 33337 0 33337
45 47 36 31 8 33337 0 33337
45 47 36 31 8 33337 0 33337
45 47 36 31 8 33337 0 33337
12 1 17 3 39 0 0 0
45 49 36 31 8 33337 0 33337
45 49 36 31 8 33337 0 33337
45 49 36 31 8 33337 0 33337
15 1 18 3 51 0 23 46693.1
45 49 36 31 8 33337 0 33337
46 45 36 31 8 33337 0 33337
46 45 34 32 8 33337 0 33337
46 45 34 32 8 33337 0 33337
46 45 34 32 8 33337 0 33337
46 46 34 32 8 33337 0 33337
46 46 36 30 8 33337 0 33337
46 46 36 30 8 33337 0 33337
46 46 36 30 8 33337 0 33337
47 49 36 30 8 33337 0 33337
47 49 36 30 8 33337 0 33337
47 49 36 30 8 33337 0 33337
47 49 36 30 8 33337 0 33337
48 38 36 30 8 33337 0 33337
48 38 35 30 8 33337 0 33337
48 38 35 30 8 33337 0 33337
48 38 35 30 8 33337 0 33337
38 39 36 32 46 0 20 30673.2
48 38 35 30 8 33337 0 33337
48 38 35 30 8 33337 0 33337
48 38 35 30 8 33337 0 33337
48 38 35 30 8 33337 0 33337
48 42 35 30 8 33337 0 33337
48 42 34 30 8 33337 0 33337
48 42 34 30 8 33337 0 33337
48 42 34 30 8 33337 0 33337
48 42 34 30 8 33337 0 33337
38 39 36 32 28 0 0 0
48 42 34 30 8 33337 0 33337
48 42 34 30 8 33337 0 33337
48 42 34 30 8 33337 0 33337
48 43 34 30 8 33337 0 33337
48 43 33 30 8 33337 0 33337
48 43 33 30 8 33337 0 33337
48 43 33 30 8 33337 0 33337
48 43 33 30 8 33337 0 33337
48 43 19 8 8 33337 0 33337
48 43 19 8 8 33337 0 33337
48 43 19 8 8 33337 0 33337
48 44 19 8 8 33337 0 33337
48 44 19 8 8 33337 0 33337
48 44 19 8 8 33337 0 33337
48 44 19 8 8 33337 0 33337
16 1 16 3 32 0 0 0
13 1 17 3 49 0 10 18028.1
40 39 39 34 27 1 0 0
38 39 36 32 23 0 0 0
16 1 16 3 30 0 0 0
39 38 42 32 59 0 63 155209
38 39 36 32 30 0 0 0
9 1 16 3 60 0 48 105737
17 1 18 3 24 0 0 0
40 39 38 34 42 0 0 0
38 38 36 35 35 0 0 0
10 1 17 3 28 0 0 0
40 39 39 34 59 0 41 47426.5
39 38 40 32 23 0 0 0
38 39 36 32 55 0 36 57281.8
14 1 18 3 21 0 0 0
18 1 18 3 29 0 0 0
39 38 42 32 30 0 0 0
40 39 40 34 47 0 21 22008.7
9 1 17 3 27 0 0 0
11 1 16 3 27 0 0 0
15 1 18 3 34 0 0 0
39 38 40 32 57 0 19 19725.2
16 1 16 3 42 0 0 0
38 38 36 35 26 0 0 0
40 38 43 32 26 0 0 0
40 38 42 32 57 0 10 19039.7
17 1 18 3 56 0 15 29053.1
18 1 18 3 40 0 0 0
40 39 40 34 21 0 0 0
40 38 42 32 58 0 14 28264.4
14 1 18 3 43 0 0 0
12 1 17 3 35 0 0 0
13 1 17 3 31 0 0 0
10 1 17 3 48 0 11 20233.1
38 38 38 35 19 0 0 0
15 1 18 3 25 0 0 0
38 38 36 35 44 0 0 0
38 38 38 35 34 0 0 0
18 1 18 3 38 0 0 0
15 1 18 3 45 0 3 4201.88
39 38 40 32 31 0 0 0
40 38 43 32 39 0 0 0
38 38 38 35 48 0 1 860.535
13 1 17 3 55 0 1 1400.62
18 1 18 3 42 0 0 0
